,0,1,2,3,4,5,6,7,8,9,10,11,12,13,14,15,16,17,18,19,20,21,22,23,24,25,26,27,28,29,30,31,32,33,34,35,36,37,38,39,40,41,42,43,44,45,46,47,48,49,50,51,52,53,54,55,56,57,58,59,60,61,62,63,64,65,66,67,68,69,70,71,72,73,74,75,76,77,78,79,80,81,82,83,84,85,86,87,88,89,90,91,92,93,94,95,96,97,98,99
0,0.0,0.07991999999999999,0.12118000000000007,0.06613999999999998,0.68157,0.10060000000000002,0.09704000000000002,0.10609000000000002,0.08872000000000002,0.09477000000000002,0.06579000000000002,0.11883999999999995,0.30984000000000006,0.14430999999999994,0.06973000000000007,0.24388999999999994,0.08457000000000003,0.20394,0.13923000000000002,0.5724199999999999,0.0952099999999999,0.2512,0.11413000000000006,0.09711999999999998,0.13476,0.06434000000000006,0.11793999999999999,0.08747000000000005,0.13100999999999996,0.26858,0.0716,0.09099999999999997,0.09382000000000001,0.11719999999999997,0.22365000000000002,0.15522999999999998,0.16115999999999997,0.18265,0.11689000000000005,0.09721999999999997,0.10791000000000006,0.31359000000000004,0.18331999999999998,0.14098,0.12083999999999995,0.09740000000000004,0.11129,0.06857999999999997,0.23456999999999995,0.20785000000000003,0.14368999999999998,0.06552999999999998,0.07135000000000002,0.06816,0.25835,0.09963,0.27468000000000004,0.3301700000000001,0.06818000000000002,0.11951999999999996,0.06057000000000001,0.08779999999999999,0.08553,0.1589299999999999,0.18621999999999994,0.25540000000000007,0.19338,0.09132999999999997,0.08108000000000004,0.11997999999999998,0.31437000000000004,0.07942000000000005,0.07391000000000003,0.09238999999999997,0.07101000000000002,0.09756999999999993,0.08313999999999999,0.09426999999999996,0.11704000000000003,0.22770999999999997,0.10542999999999991,0.09514,0.09079000000000004,0.15905000000000002,0.11282999999999999,0.30732000000000004,0.3068,0.059900000000000064,0.34455,0.37624,0.08078999999999997,0.07932,0.14276,0.07874000000000003,0.09243999999999997,0.06713000000000002,0.07827,0.07793,0.2508699999999999,0.25467999999999996
1,0.07991999999999999,0.0,0.06057000000000001,0.07211999999999996,0.68435,0.027159999999999962,0.02566999999999997,0.03256999999999999,0.01092000000000004,0.021320000000000006,0.02089000000000002,0.05606,0.31303000000000003,0.08679999999999999,0.01794000000000001,0.22735999999999995,0.015199999999999991,0.18938999999999995,0.11079,0.61131,0.11929999999999996,0.23636000000000001,0.04466000000000003,0.027730000000000032,0.06284999999999996,0.028220000000000023,0.08372000000000002,0.008539999999999992,0.07424000000000008,0.2521300000000001,0.03322000000000003,0.011859999999999982,0.0605,0.08458000000000004,0.20369000000000004,0.10556000000000004,0.14195000000000002,0.16666000000000003,0.038329999999999975,0.07073000000000007,0.043800000000000006,0.30169,0.16488000000000003,0.07881000000000005,0.056439999999999935,0.06356,0.05406,0.03374000000000005,0.20713000000000004,0.18549999999999997,0.12077000000000004,0.028710000000000013,0.02189000000000002,0.01312000000000002,0.24964000000000003,0.028189999999999937,0.25916000000000006,0.3308,0.032909999999999995,0.05429000000000006,0.021850000000000036,0.015800000000000036,0.024780000000000024,0.12208000000000002,0.16233999999999998,0.24629,0.17109000000000008,0.05801000000000006,0.01905000000000001,0.05596000000000001,0.30488000000000004,0.002600000000000019,0.02248,0.029990000000000017,0.03805999999999998,0.03534999999999999,0.04721000000000003,0.015450000000000075,0.048819999999999975,0.20502000000000004,0.033420000000000005,0.024190000000000045,0.012419999999999987,0.18820000000000003,0.08401000000000003,0.304,0.31444,0.022909999999999986,0.32924000000000003,0.36906000000000005,0.04531000000000002,0.04437000000000002,0.10014000000000006,0.012510000000000021,0.01413999999999993,0.019670000000000076,0.04349000000000003,0.04208999999999996,0.23050000000000004,0.24594
2,0.12118000000000007,0.06057000000000001,0.0,0.10494999999999999,0.64229,0.04065000000000002,0.03655999999999998,0.041100000000000025,0.06724999999999998,0.04185999999999995,0.08067999999999997,0.025080000000000005,0.36412000000000005,0.028830000000000022,0.07737,0.16861000000000004,0.04953000000000002,0.13132000000000005,0.17060000000000003,0.64542,0.15939000000000003,0.17796,0.02429999999999999,0.03471000000000002,0.019570000000000004,0.08751999999999999,0.14352000000000004,0.06261,0.015469999999999984,0.19431000000000004,0.09053,0.05617,0.12009000000000003,0.14440000000000003,0.14479000000000003,0.06212999999999999,0.08333999999999997,0.22411000000000003,0.03970000000000001,0.12897000000000003,0.01904,0.24319000000000007,0.22290000000000004,0.022360000000000047,0.017880000000000007,0.12278,0.011639999999999984,0.09372999999999998,0.14840000000000003,0.13631000000000001,0.06220000000000003,0.08772000000000002,0.07933000000000001,0.07099000000000005,0.30530000000000007,0.039459999999999995,0.31825,0.38419000000000003,0.09059,0.017990000000000006,0.08154000000000006,0.050470000000000015,0.04170000000000007,0.06310000000000004,0.10359999999999997,0.30227000000000004,0.11220000000000002,0.11784,0.07858999999999994,0.016350000000000003,0.36094000000000004,0.05978,0.08059,0.03513999999999995,0.09737000000000007,0.02748000000000006,0.10609000000000002,0.05352000000000001,0.021639999999999993,0.14632999999999996,0.040970000000000034,0.03967999999999999,0.05797000000000002,0.22816000000000003,0.14428999999999997,0.3585900000000001,0.36312999999999995,0.08038000000000001,0.27141000000000004,0.42910000000000004,0.10455000000000003,0.10407000000000005,0.04128000000000004,0.06864999999999999,0.04952000000000001,0.07916000000000006,0.10136000000000006,0.10107000000000005,0.17178,0.30102999999999996
3,0.06613999999999998,0.07211999999999996,0.10494999999999999,0.0,0.6643800000000001,0.08864000000000005,0.08272000000000002,0.09155000000000002,0.08278999999999992,0.08343,0.06130000000000002,0.10237000000000007,0.27695000000000003,0.12773999999999996,0.06587999999999994,0.22588999999999992,0.07240999999999997,0.18512000000000006,0.11142000000000002,0.54177,0.05720999999999998,0.23343000000000003,0.09779000000000004,0.08369000000000004,0.11804999999999999,0.062120000000000064,0.09436,0.08045000000000002,0.11467000000000005,0.24252999999999997,0.07055,0.08283999999999991,0.07014000000000001,0.09259,0.20671000000000006,0.13989000000000007,0.14788,0.15651000000000004,0.1037800000000001,0.07141999999999998,0.09220000000000006,0.29636,0.15724000000000005,0.12414999999999998,0.10445000000000004,0.07623000000000002,0.09455000000000002,0.06068999999999991,0.21941,0.16331,0.13130999999999993,0.0640400000000001,0.06872999999999996,0.06219000000000008,0.2289,0.08592,0.25125000000000003,0.2975,0.06766000000000005,0.10324999999999995,0.05899999999999994,0.07804,0.07313000000000003,0.14569,0.17353000000000007,0.22752,0.17749000000000004,0.06792999999999999,0.07932000000000006,0.10386000000000006,0.28425,0.07089000000000001,0.07110000000000005,0.07969000000000004,0.05909000000000009,0.08088000000000006,0.06433000000000003,0.08345000000000002,0.10058999999999996,0.21152000000000004,0.08984999999999999,0.08283000000000007,0.08177999999999996,0.12646999999999997,0.08546000000000004,0.27515000000000006,0.27126,0.05542999999999998,0.31696,0.36208999999999997,0.06081000000000003,0.060840000000000005,0.12757000000000007,0.07230000000000003,0.08495000000000008,0.06367999999999996,0.06381000000000003,0.05962999999999999,0.23263,0.22494000000000003
4,0.68157,0.68435,0.64229,0.6643800000000001,0.0,0.67916,0.67356,0.67895,0.69162,0.67552,0.6979900000000001,0.66649,0.8202,0.64298,0.69279,0.53776,0.68082,0.5400400000000001,0.74471,0.89316,0.63134,0.5305,0.66401,0.66943,0.66066,0.70546,0.7386600000000001,0.6881,0.64607,0.48822,0.71223,0.6837500000000001,0.7190700000000001,0.7345700000000001,0.54887,0.58886,0.58554,0.76825,0.67259,0.7168300000000001,0.65898,0.48329999999999995,0.76871,0.65261,0.65976,0.72633,0.65325,0.70388,0.56209,0.5081800000000001,0.60276,0.70082,0.7019799999999999,0.6889700000000001,0.8045500000000001,0.67761,0.8339300000000001,0.8343900000000001,0.70787,0.65905,0.69439,0.68484,0.6709400000000001,0.62294,0.5827300000000001,0.80708,0.57724,0.7183700000000001,0.6905199999999999,0.6578200000000001,0.83954,0.6864300000000001,0.70345,0.66813,0.70535,0.66343,0.72032,0.68471,0.6633600000000001,0.56116,0.68018,0.67655,0.6900700000000001,0.65867,0.7265600000000001,0.8230700000000001,0.79553,0.6987000000000001,0.45753000000000005,0.89788,0.71605,0.7163200000000001,0.62776,0.6958,0.67925,0.6924,0.71616,0.7157899999999999,0.53379,0.8034300000000001
5,0.10060000000000002,0.027159999999999962,0.04065000000000002,0.08864000000000005,0.67916,0.0,0.006620000000000001,0.007110000000000061,0.03027000000000002,0.007359999999999922,0.045950000000000046,0.030779999999999974,0.33652000000000004,0.06083000000000005,0.04305000000000003,0.20623999999999998,0.016759999999999997,0.17068,0.13661000000000006,0.63005,0.13929000000000002,0.21655999999999997,0.019130000000000036,0.010540000000000008,0.038350000000000106,0.05259999999999998,0.10858999999999996,0.02643000000000001,0.049870000000000025,0.23369,0.05230999999999997,0.019550000000000012,0.08504,0.11043999999999998,0.18262999999999996,0.09172,0.12186999999999998,0.19207999999999997,0.016630000000000034,0.09615000000000001,0.02287,0.28164000000000006,0.19058000000000003,0.05251000000000006,0.033070000000000044,0.08710999999999997,0.03360000000000002,0.058770000000000044,0.184,0.17454,0.10061999999999999,0.052570000000000006,0.04315000000000002,0.037170000000000036,0.27422,0.0032999999999999696,0.28529000000000004,0.35477,0.054940000000000044,0.027919999999999945,0.04710000000000003,0.0131,0.017100000000000004,0.09841,0.14133,0.271,0.14978999999999992,0.08354999999999996,0.04344999999999999,0.03067000000000003,0.32956,0.025530000000000053,0.044520000000000004,0.011550000000000005,0.06276999999999999,0.01795000000000002,0.07179000000000002,0.01433000000000001,0.024460000000000037,0.18331000000000003,0.008460000000000023,0.006850000000000023,0.019669999999999965,0.20833000000000002,0.10933999999999999,0.32805999999999996,0.33702,0.04757,0.31134,0.3952300000000001,0.07046000000000002,0.06905999999999995,0.07750000000000001,0.03242999999999996,0.014969999999999928,0.045680000000000054,0.06612000000000001,0.06532000000000004,0.20856999999999998,0.27010000000000006
6,0.09704000000000002,0.02566999999999997,0.03655999999999998,0.08272000000000002,0.67356,0.006620000000000001,0.0,0.00985999999999998,0.032940000000000025,0.007720000000000005,0.04631000000000002,0.030870000000000064,0.33399,0.062080000000000024,0.043220000000000036,0.20235000000000003,0.014990000000000003,0.16685,0.13588,0.62426,0.13546000000000002,0.21268000000000004,0.019420000000000104,0.004650000000000015,0.04057999999999995,0.053300000000000014,0.10889000000000004,0.02916000000000002,0.04922000000000004,0.22972000000000004,0.055279999999999996,0.021619999999999973,0.08564,0.10982999999999998,0.17860000000000004,0.08534000000000003,0.11782999999999999,0.19116999999999995,0.021260000000000057,0.09482000000000002,0.01916000000000001,0.27793999999999996,0.18913000000000002,0.053730000000000055,0.031830000000000025,0.08843000000000001,0.029249999999999998,0.05885000000000007,0.18259000000000003,0.16993,0.09662000000000004,0.05328000000000005,0.04520000000000002,0.03633000000000003,0.27338000000000007,0.004850000000000021,0.28409000000000006,0.35283,0.05676000000000003,0.029059999999999975,0.04691999999999996,0.015750000000000042,0.011789999999999967,0.09714000000000006,0.13731000000000004,0.2702,0.14634999999999998,0.08308000000000004,0.04419000000000001,0.030810000000000004,0.32876000000000005,0.02563999999999994,0.04659000000000002,0.00653999999999999,0.063,0.013670000000000015,0.07176999999999994,0.01860999999999996,0.023460000000000036,0.18052000000000007,0.009549999999999947,0.004159999999999997,0.022180000000000033,0.20405000000000006,0.10941999999999996,0.32707,0.33485000000000004,0.046720000000000095,0.30749000000000004,0.39452000000000004,0.07004000000000005,0.06989000000000001,0.07557000000000003,0.03434000000000004,0.015220000000000011,0.04439000000000004,0.06746000000000002,0.06671000000000005,0.20575999999999994,0.26927
7,0.10609000000000002,0.03256999999999999,0.041100000000000025,0.09155000000000002,0.67895,0.007110000000000061,0.00985999999999998,0.0,0.03347,0.013129999999999975,0.05034000000000005,0.027490000000000014,0.34237000000000006,0.05770999999999993,0.04868000000000006,0.20264999999999994,0.021869999999999945,0.16869,0.14158000000000004,0.6328400000000001,0.14456999999999998,0.21300999999999992,0.01766000000000001,0.010809999999999986,0.03239000000000003,0.056400000000000006,0.11248999999999998,0.03066000000000002,0.04638999999999999,0.23262000000000005,0.054930000000000034,0.023870000000000058,0.08992000000000006,0.11506,0.17901000000000006,0.09089,0.12013999999999997,0.19822999999999996,0.012510000000000021,0.10206000000000004,0.023180000000000006,0.27806000000000003,0.19619999999999999,0.048900000000000055,0.029839999999999978,0.09163000000000004,0.032909999999999995,0.06428,0.18106,0.17631000000000002,0.09758,0.05793000000000004,0.0474,0.04355000000000009,0.28031,0.007199999999999984,0.29083000000000003,0.36091,0.05896999999999997,0.02528999999999998,0.052830000000000044,0.018589999999999995,0.02073999999999998,0.09571000000000002,0.13755,0.27751,0.14617000000000002,0.08887,0.04779,0.027520000000000044,0.33593,0.03188000000000002,0.048800000000000066,0.01426000000000005,0.06708999999999998,0.018970000000000015,0.07659000000000005,0.01915,0.02285999999999999,0.17956999999999995,0.0030799999999999716,0.012249999999999983,0.02407999999999999,0.21306000000000003,0.11446,0.33441,0.34324,0.053669999999999995,0.30932000000000004,0.3995700000000001,0.07597000000000009,0.07418999999999998,0.07435999999999998,0.03803999999999996,0.02017000000000002,0.05122000000000004,0.07068000000000002,0.06883000000000006,0.20502999999999993,0.2765
8,0.08872000000000002,0.01092000000000004,0.06724999999999998,0.08278999999999992,0.69162,0.03027000000000002,0.032940000000000025,0.03347,0.0,0.02594000000000002,0.024519999999999986,0.059890000000000054,0.31981000000000004,0.09019000000000005,0.022129999999999983,0.23455000000000004,0.019000000000000017,0.19812000000000002,0.11040000000000005,0.6213500000000001,0.12968000000000002,0.24429,0.04842000000000002,0.03343999999999997,0.06336999999999993,0.027649999999999952,0.07946000000000003,0.00607000000000002,0.07841000000000004,0.26094,0.023860000000000048,0.012440000000000007,0.058719999999999994,0.08247000000000004,0.21062000000000003,0.11324000000000001,0.14969,0.16823000000000005,0.03424000000000005,0.07367000000000001,0.05047999999999997,0.30922,0.16655999999999999,0.08113999999999999,0.06258999999999998,0.06017000000000006,0.060919999999999974,0.03469999999999995,0.21387000000000006,0.19408999999999998,0.12841000000000002,0.027710000000000012,0.01857999999999993,0.022950000000000026,0.25237,0.030650000000000066,0.2595,0.33666000000000007,0.029209999999999958,0.056879999999999986,0.02912999999999999,0.01902999999999999,0.033550000000000024,0.12839,0.16954999999999992,0.24795,0.17802,0.0593999999999999,0.015859999999999985,0.05991000000000002,0.30649,0.012450000000000072,0.01763999999999999,0.03717999999999999,0.036210000000000075,0.04357,0.04377999999999993,0.016880000000000006,0.05225999999999997,0.2118,0.034519999999999995,0.02965000000000001,0.011699999999999988,0.19788000000000006,0.08389999999999997,0.30895,0.32211,0.030040000000000067,0.33801000000000003,0.36702,0.04722000000000004,0.04266000000000003,0.10709000000000002,0.0115900000000001,0.019579999999999986,0.02404000000000006,0.03810999999999998,0.03875000000000006,0.23730999999999997,0.24922
9,0.09477000000000002,0.021320000000000006,0.04185999999999995,0.08343,0.67552,0.007359999999999922,0.007720000000000005,0.013129999999999975,0.02594000000000002,0.0,0.03919,0.036900000000000044,0.33052,0.06688000000000005,0.037390000000000034,0.20904999999999996,0.011319999999999997,0.17273000000000005,0.13030999999999998,0.62386,0.1332500000000001,0.21887000000000006,0.025170000000000026,0.009099999999999997,0.04494000000000009,0.04634000000000005,0.10226000000000002,0.021820000000000006,0.05559000000000003,0.23559000000000008,0.04913000000000001,0.01468999999999998,0.07869000000000004,0.10404000000000002,0.18523000000000006,0.08795000000000003,0.12430999999999998,0.18655000000000005,0.022649999999999948,0.09038000000000002,0.025540000000000007,0.28386999999999996,0.18484,0.05847000000000002,0.03764000000000001,0.08171,0.03553999999999996,0.05292999999999992,0.18894000000000005,0.17243000000000003,0.10311000000000003,0.046770000000000034,0.03858,0.03149999999999997,0.26854000000000006,0.008510000000000018,0.27948000000000006,0.34815999999999997,0.05037999999999998,0.03381000000000001,0.04137000000000002,0.011340000000000017,0.01102000000000003,0.10430000000000006,0.14413000000000004,0.26535,0.15270999999999996,0.07765,0.03747,0.037150000000000016,0.32378,0.01985999999999999,0.03991,0.01195999999999997,0.05616000000000004,0.018419999999999992,0.06538999999999995,0.012340000000000018,0.028900000000000037,0.18674000000000002,0.013949999999999907,0.0048000000000000265,0.01768000000000003,0.20180999999999993,0.10306000000000004,0.32243000000000005,0.33112,0.041830000000000034,0.31285,0.38861,0.06444000000000005,0.06291999999999998,0.08208000000000004,0.02754000000000001,0.008850000000000025,0.039959999999999996,0.06117,0.060450000000000004,0.21195000000000003,0.26441
10,0.06579000000000002,0.02089000000000002,0.08067999999999997,0.06130000000000002,0.6979900000000001,0.045950000000000046,0.04631000000000002,0.05034000000000005,0.024519999999999986,0.03919,0.0,0.07577000000000006,0.29605,0.10577000000000003,0.006110000000000004,0.24605,0.03423999999999999,0.20795000000000008,0.09176000000000001,0.59912,0.10709000000000002,0.25506999999999996,0.06403000000000003,0.04753999999999997,0.08061000000000007,0.010759999999999992,0.0635,0.023230000000000084,0.09424000000000005,0.27057,0.01706000000000002,0.02781,0.04014000000000001,0.0655,0.2224,0.12628000000000006,0.16022999999999998,0.14927,0.054910000000000014,0.05288000000000004,0.06413999999999997,0.32021,0.14743,0.09721000000000002,0.07654000000000005,0.04420000000000002,0.07303000000000004,0.015610000000000013,0.22727999999999998,0.1995,0.13935999999999998,0.010129999999999972,0.007790000000000075,0.011450000000000016,0.23221999999999998,0.04690000000000005,0.24100000000000005,0.31389,0.01472000000000001,0.07272,0.005560000000000009,0.03465000000000007,0.043430000000000024,0.14278000000000002,0.18134,0.22887000000000002,0.18980000000000002,0.03900999999999999,0.018280000000000074,0.07592000000000004,0.28731,0.021440000000000015,0.010089999999999932,0.04964999999999997,0.01759000000000005,0.05517000000000005,0.028859999999999997,0.032399999999999984,0.06785999999999998,0.22427000000000002,0.05112,0.043800000000000006,0.028390000000000026,0.1752100000000001,0.06472,0.28685,0.29841999999999996,0.007350000000000079,0.3476,0.34987,0.026300000000000046,0.025050000000000017,0.12038000000000004,0.01432,0.03191000000000005,0.006540000000000004,0.025139999999999996,0.023749999999999993,0.24938,0.22837000000000007
11,0.11883999999999995,0.05606,0.025080000000000005,0.10237000000000007,0.66649,0.030779999999999974,0.030870000000000064,0.027490000000000014,0.059890000000000054,0.036900000000000044,0.07577000000000006,0.0,0.36181,0.032420000000000004,0.07194,0.17973,0.04249999999999998,0.14638999999999996,0.16624,0.64331,0.15776999999999997,0.19019000000000003,0.013259999999999939,0.028960000000000097,0.016410000000000036,0.08268000000000003,0.13868999999999992,0.05602000000000007,0.023380000000000012,0.20995000000000003,0.08133000000000001,0.04933000000000004,0.11508000000000002,0.13994,0.15585999999999994,0.08329,0.09782000000000002,0.22084000000000004,0.028079999999999994,0.12484,0.015270000000000006,0.25525999999999993,0.21914999999999996,0.02526000000000006,0.007879999999999998,0.11718,0.015619999999999995,0.08851000000000003,0.15485,0.16024,0.07529000000000002,0.08234999999999998,0.07303000000000004,0.06621999999999995,0.30245000000000005,0.030530000000000057,0.31426,0.38122999999999996,0.08444000000000007,0.010330000000000006,0.07681000000000004,0.04196,0.03891,0.06941999999999998,0.11415999999999998,0.2995,0.12289,0.11324000000000001,0.07328000000000001,0.010760000000000006,0.35796,0.05498000000000003,0.07457999999999998,0.03256000000000003,0.09264999999999995,0.02368999999999999,0.10139000000000004,0.04400000000000004,0.008920000000000039,0.15589999999999998,0.026100000000000012,0.03280000000000005,0.04980000000000001,0.22665000000000002,0.13909000000000005,0.35595000000000004,0.36014,0.07608999999999999,0.28706000000000004,0.42467,0.09996999999999995,0.09904000000000007,0.05062,0.062379999999999936,0.044320000000000026,0.0746,0.09576000000000001,0.09515999999999997,0.18195000000000006,0.29798
12,0.30984000000000006,0.31303000000000003,0.36412000000000005,0.27695000000000003,0.8202,0.33652000000000004,0.33399,0.34237000000000006,0.31981000000000004,0.33052,0.29605,0.36181,0.0,0.39115999999999995,0.29836,0.50074,0.32268,0.46135000000000004,0.21831,0.3698,0.23354,0.50732,0.35274999999999995,0.33621000000000006,0.37423000000000006,0.29349000000000003,0.24992000000000003,0.31883,0.37781000000000003,0.5121100000000001,0.29943,0.3231,0.2636,0.24097000000000007,0.48316,0.40435000000000004,0.42284,0.16038000000000002,0.35042999999999996,0.24712000000000006,0.3479,0.56872,0.16520999999999997,0.38527,0.36297,0.26177000000000006,0.35538000000000003,0.28781,0.4958,0.39954999999999996,0.4058300000000001,0.29364999999999997,0.30194,0.30056,0.08407000000000009,0.33737,0.09357000000000004,0.021330000000000016,0.29288000000000003,0.3599,0.29220999999999997,0.32481000000000004,0.32436000000000004,0.41808,0.44921,0.08928000000000003,0.45384,0.26179,0.30779999999999996,0.36083000000000004,0.05503999999999998,0.31255999999999995,0.3025,0.33202,0.28511000000000003,0.33861,0.27714999999999995,0.32718,0.35652000000000006,0.48772,0.34252000000000005,0.33178,0.32377000000000006,0.17984,0.23773,0.029920000000000058,0.02510000000000001,0.29213000000000006,0.57925,0.09766000000000001,0.27443,0.27897999999999995,0.39743,0.30975,0.32576000000000005,0.29679,0.28791999999999995,0.28216,0.5086,0.08586000000000005
13,0.14430999999999994,0.08679999999999999,0.028830000000000022,0.12773999999999996,0.64298,0.06083000000000005,0.062080000000000024,0.05770999999999993,0.09019000000000005,0.06688000000000005,0.10577000000000003,0.032420000000000004,0.39115999999999995,0.0,0.10288000000000008,0.14806999999999998,0.07262000000000002,0.11808000000000002,0.19637,0.66572,0.18378000000000005,0.15918,0.04310999999999998,0.06007000000000007,0.030620000000000036,0.11273,0.16878000000000004,0.08618999999999999,0.014979999999999993,0.18264000000000002,0.11193999999999998,0.07958000000000004,0.14536000000000004,0.17017000000000004,0.12451000000000001,0.06617,0.06923000000000001,0.25240000000000007,0.05887999999999999,0.15617000000000003,0.04659000000000002,0.22352,0.25018,0.014409999999999978,0.03141000000000005,0.14732999999999996,0.03665000000000007,0.11876999999999999,0.12431000000000003,0.13586,0.04727999999999999,0.11263000000000001,0.10305000000000003,0.09750000000000003,0.33276,0.06047999999999998,0.34536,0.41014000000000006,0.11458000000000002,0.03427999999999998,0.10697999999999996,0.07241000000000003,0.06928999999999996,0.038880000000000026,0.08362000000000003,0.32989,0.09178000000000003,0.14328000000000002,0.10337000000000007,0.03280000000000005,0.38875000000000004,0.08539999999999992,0.10465000000000002,0.0615,0.12266000000000005,0.05424999999999991,0.13132000000000005,0.07446999999999993,0.03913,0.12370999999999999,0.05614999999999992,0.06363000000000008,0.07988,0.25283,0.16909000000000002,0.38500000000000006,0.39016000000000006,0.10745000000000005,0.25683,0.4548500000000001,0.13076,0.12932000000000005,0.021720000000000017,0.09265000000000001,0.07496999999999998,0.10550000000000004,0.12588999999999995,0.12522000000000005,0.15024000000000004,0.329
14,0.06973000000000007,0.01794000000000001,0.07737,0.06587999999999994,0.69279,0.04305000000000003,0.043220000000000036,0.04868000000000006,0.022129999999999983,0.037390000000000034,0.006110000000000004,0.07194,0.29836,0.10288000000000008,0.0,0.24367000000000005,0.03138999999999992,0.20569000000000004,0.09449000000000002,0.60343,0.11143999999999998,0.25278,0.060530000000000084,0.04460999999999998,0.07902999999999993,0.01458000000000001,0.06721000000000005,0.020830000000000015,0.09044999999999997,0.26804,0.020710000000000006,0.02615999999999996,0.04364000000000001,0.06831999999999999,0.22005000000000002,0.12315999999999999,0.15809000000000006,0.15132,0.05319000000000007,0.05484,0.06108000000000002,0.31799000000000005,0.14926000000000006,0.09475999999999996,0.07274999999999998,0.04663999999999996,0.07054000000000005,0.017270000000000008,0.22445000000000004,0.19644000000000003,0.13673999999999997,0.01237000000000002,0.00963,0.008120000000000016,0.23341000000000006,0.04430999999999996,0.24310000000000004,0.3154,0.018619999999999998,0.07036999999999993,0.009480000000000044,0.03194999999999992,0.041100000000000025,0.13945000000000002,0.17877000000000004,0.23052000000000006,0.18750999999999995,0.04161999999999999,0.01371,0.07225999999999999,0.28892000000000007,0.018459999999999976,0.010970000000000008,0.04677999999999999,0.020950000000000024,0.052059999999999995,0.03161,0.030260000000000065,0.06502999999999992,0.22175,0.04927999999999999,0.04032000000000002,0.026610000000000023,0.17942000000000002,0.06784000000000001,0.28785000000000005,0.30210000000000004,0.011299999999999977,0.34526,0.35301000000000005,0.02849999999999997,0.02816000000000002,0.11720000000000003,0.011920000000000042,0.02910999999999997,0.0037599999999999856,0.028319999999999984,0.026790000000000008,0.24702000000000002,0.22959000000000002
15,0.24388999999999994,0.22735999999999995,0.16861000000000004,0.22588999999999992,0.53776,0.20623999999999998,0.20235000000000003,0.20264999999999994,0.23455000000000004,0.20904999999999996,0.24605,0.17973,0.50074,0.14806999999999998,0.24367000000000005,0.0,0.21653000000000006,0.04196,0.33125,0.72989,0.2721300000000001,0.01371,0.18786000000000003,0.20269000000000004,0.17737000000000003,0.25440000000000007,0.30863000000000007,0.23040000000000005,0.15804,0.05018,0.25678999999999996,0.22314,0.28459999999999996,0.30845000000000006,0.02485000000000004,0.12299999999999994,0.08637000000000006,0.37969,0.20497000000000004,0.28877,0.18484999999999996,0.07647000000000004,0.38065000000000004,0.16205999999999993,0.17404999999999998,0.28855,0.17383000000000004,0.25887000000000004,0.03128000000000003,0.11780000000000002,0.10720000000000007,0.25499,0.24676000000000003,0.23636000000000001,0.45425000000000004,0.20460999999999996,0.47529,0.52132,0.25881999999999994,0.17930000000000007,0.2455,0.21734000000000003,0.20292999999999994,0.11192000000000002,0.06642000000000003,0.45293000000000005,0.057439999999999936,0.28253,0.24591999999999997,0.17702000000000007,0.50958,0.22621999999999998,0.2486,0.19816000000000006,0.26199999999999996,0.19231000000000004,0.27370000000000005,0.22027000000000002,0.18312000000000006,0.027990000000000015,0.20123000000000008,0.20563000000000003,0.22371999999999997,0.33753000000000005,0.30493000000000003,0.49989,0.49182,0.24627,0.11191999999999996,0.58689,0.27129000000000003,0.26989,0.12983000000000006,0.23603000000000007,0.21632000000000007,0.24426000000000003,0.26922999999999997,0.26877,0.01029,0.45022
16,0.08457000000000003,0.015199999999999991,0.04953000000000002,0.07240999999999997,0.68082,0.016759999999999997,0.014990000000000003,0.021869999999999945,0.019000000000000017,0.011319999999999997,0.03423999999999999,0.04249999999999998,0.32268,0.07262000000000002,0.03138999999999992,0.21653000000000006,0.0,0.17987999999999998,0.12459000000000003,0.61359,0.12329999999999997,0.22599000000000002,0.031399999999999983,0.015560000000000018,0.05183000000000004,0.040449999999999986,0.09655000000000002,0.015039999999999998,0.060880000000000045,0.24273,0.04133999999999999,0.012340000000000018,0.07318000000000002,0.09854999999999997,0.19269000000000003,0.09497,0.13140000000000002,0.18045000000000005,0.03283999999999998,0.08428999999999998,0.032269999999999965,0.29131,0.17857,0.06547000000000003,0.04427000000000003,0.07540000000000002,0.04290000000000005,0.04688000000000003,0.19540999999999997,0.17957,0.11029,0.04059999999999997,0.031330000000000024,0.025370000000000004,0.26083000000000006,0.015940000000000065,0.27345,0.34083,0.043430000000000024,0.04032999999999998,0.035270000000000024,0.007090000000000041,0.015660000000000007,0.10988999999999999,0.15108000000000005,0.2579,0.15988000000000002,0.07171000000000005,0.031770000000000076,0.04237999999999997,0.31672999999999996,0.013400000000000079,0.03337000000000001,0.019089999999999996,0.05096000000000006,0.025550000000000017,0.059880000000000044,0.011780000000000013,0.03483999999999998,0.19346000000000002,0.02190000000000003,0.011560000000000015,0.010889999999999955,0.19218999999999997,0.09753999999999996,0.31437000000000004,0.32289999999999996,0.03547,0.32053,0.38312999999999997,0.058750000000000024,0.057120000000000004,0.08878999999999998,0.020569999999999977,0.013719999999999954,0.03384000000000009,0.054290000000000005,0.05357999999999996,0.21929999999999994,0.25689
17,0.20394,0.18938999999999995,0.13132000000000005,0.18512000000000006,0.5400400000000001,0.17068,0.16685,0.16869,0.19812000000000002,0.17273000000000005,0.20795000000000008,0.14638999999999996,0.46135000000000004,0.11808000000000002,0.20569000000000004,0.04196,0.17987999999999998,0.0,0.29180000000000006,0.6977500000000001,0.23423000000000005,0.049900000000000055,0.15184000000000003,0.16512000000000004,0.14342,0.21688000000000002,0.27026000000000006,0.19327,0.12379000000000001,0.06516,0.22083999999999998,0.18633000000000005,0.24629,0.26981000000000005,0.0232,0.08538999999999997,0.04955999999999999,0.33944,0.17008,0.24962,0.14810000000000006,0.11358999999999997,0.34017000000000003,0.13045999999999996,0.14054,0.24960000000000004,0.13820000000000005,0.22058000000000005,0.03992000000000007,0.08340999999999998,0.07188,0.21688000000000007,0.21002000000000004,0.19883000000000006,0.41283,0.16822000000000004,0.43455,0.4821099999999999,0.22125,0.14402000000000004,0.20703999999999995,0.18061999999999995,0.16518,0.08631,0.04323000000000002,0.41137,0.0407,0.24376000000000003,0.20792999999999995,0.14170000000000005,0.46802,0.18858999999999998,0.21121000000000006,0.16162000000000004,0.22415000000000002,0.15512000000000004,0.23564999999999997,0.18433000000000005,0.14715000000000006,0.03169999999999999,0.16821000000000003,0.16911000000000004,0.18818999999999997,0.30013,0.26559,0.45955,0.45339,0.20812000000000003,0.14123000000000008,0.54577,0.23304999999999998,0.23154999999999998,0.09661000000000003,0.19924999999999998,0.17896000000000006,0.20634999999999998,0.23142000000000001,0.23036000000000006,0.048839999999999995,0.40876
18,0.13923000000000002,0.11079,0.17060000000000003,0.11142000000000002,0.74471,0.13661000000000006,0.13588,0.14158000000000004,0.11040000000000005,0.13030999999999998,0.09176000000000001,0.16624,0.21831,0.19637,0.09449000000000002,0.33125,0.12459000000000003,0.29180000000000006,0.0,0.55191,0.11446,0.34017000000000003,0.15426000000000006,0.13767000000000001,0.17186,0.08620000000000005,0.03392000000000006,0.11173,0.18434,0.35349,0.08925000000000005,0.11846000000000001,0.053310000000000024,0.028790000000000038,0.30950000000000005,0.21433000000000002,0.24604000000000004,0.06054999999999999,0.14360000000000006,0.043769999999999976,0.15239999999999998,0.40489,0.058310000000000084,0.18787000000000004,0.16643000000000008,0.051429999999999976,0.16267000000000004,0.07822000000000001,0.31619,0.26532999999999995,0.22671000000000002,0.08451999999999998,0.09515000000000001,0.10034000000000004,0.14632000000000006,0.13738,0.15008,0.23229,0.08340000000000003,0.16353,0.08992,0.12493000000000004,0.13188,0.23123,0.26858,0.14094,0.27677,0.05368999999999996,0.09508,0.16614000000000007,0.19802000000000003,0.11168,0.09398000000000006,0.13776000000000005,0.07641000000000003,0.14338000000000006,0.06719999999999998,0.12291000000000002,0.15789000000000003,0.31157000000000007,0.14206999999999997,0.13403000000000004,0.11875000000000002,0.12965000000000004,0.02805000000000002,0.20380999999999994,0.22569000000000006,0.09086999999999995,0.42795000000000005,0.25963,0.06661,0.06831999999999994,0.20906999999999998,0.10445000000000004,0.12220999999999999,0.09186,0.0742600000000001,0.07352999999999998,0.33598000000000006,0.14253
19,0.5724199999999999,0.61131,0.64542,0.54177,0.89316,0.63005,0.62426,0.6328400000000001,0.6213500000000001,0.62386,0.59912,0.64331,0.3698,0.66572,0.60343,0.72989,0.61359,0.6977500000000001,0.55191,0.0,0.49261000000000005,0.72921,0.63886,0.62426,0.65873,0.59835,0.57323,0.6196600000000001,0.65342,0.72587,0.6072299999999999,0.6218,0.5786899999999999,0.56414,0.71841,0.6758,0.67771,0.5044500000000001,0.6449400000000001,0.562,0.63354,0.7737700000000001,0.50919,0.66317,0.64608,0.5777300000000001,0.63514,0.5965100000000001,0.7345700000000001,0.61487,0.66222,0.5992700000000001,0.60502,0.59975,0.44884999999999997,0.62739,0.44763,0.36742,0.60365,0.64409,0.5947100000000001,0.61751,0.61312,0.67902,0.6975399999999999,0.45203000000000004,0.69872,0.57649,0.6161700000000001,0.6445799999999999,0.42312,0.6103000000000001,0.6075200000000001,0.6201599999999999,0.59441,0.6216299999999999,0.5885199999999999,0.6233500000000001,0.6412100000000001,0.72461,0.63138,0.62372,0.6210800000000001,0.42418000000000006,0.56261,0.39875000000000005,0.34918,0.5930000000000001,0.76841,0.42536999999999997,0.58349,0.5914200000000001,0.66315,0.61082,0.6244000000000001,0.60073,0.59891,0.5915600000000001,0.7349600000000001,0.4485799999999999
20,0.0952099999999999,0.11929999999999996,0.15939000000000003,0.05720999999999998,0.63134,0.13929000000000002,0.13546000000000002,0.14456999999999998,0.12968000000000002,0.1332500000000001,0.10709000000000002,0.15776999999999997,0.23354,0.18378000000000005,0.11143999999999998,0.2721300000000001,0.12329999999999997,0.23423000000000005,0.11446,0.49261000000000005,0.0,0.27671,0.15275000000000005,0.13556999999999997,0.17308999999999997,0.10701000000000005,0.10829000000000001,0.12769999999999992,0.1704,0.27957,0.11517999999999995,0.13048000000000004,0.08987,0.10414000000000001,0.2570300000000001,0.19627000000000006,0.20216999999999996,0.14227,0.15569,0.08688000000000001,0.14639000000000002,0.33671000000000006,0.14198000000000002,0.18029000000000006,0.15980000000000005,0.09684000000000001,0.14993,0.10560999999999998,0.27127,0.16627999999999998,0.18636000000000008,0.10782999999999998,0.11356,0.10805000000000009,0.19616999999999998,0.13809000000000005,0.22755999999999998,0.25391,0.11230000000000007,0.15805999999999998,0.10337000000000007,0.12671,0.12402000000000002,0.20172,0.22642000000000007,0.19793999999999998,0.22921000000000002,0.08928000000000001,0.12456999999999996,0.15830999999999995,0.2486,0.11880999999999997,0.11639999999999995,0.13080000000000003,0.10331000000000001,0.13640000000000008,0.09744000000000008,0.13322999999999996,0.15554999999999997,0.26145000000000007,0.14383,0.13351000000000002,0.12985000000000002,0.0694800000000001,0.09627999999999999,0.23467000000000002,0.22139999999999999,0.10097,0.34596000000000005,0.32861,0.09339000000000008,0.10072999999999999,0.18385000000000007,0.11911000000000005,0.13243000000000005,0.10892999999999997,0.10812,0.10033999999999998,0.2799499999999999,0.19431
21,0.2512,0.23636000000000001,0.17796,0.23343000000000003,0.5305,0.21655999999999997,0.21268000000000004,0.21300999999999992,0.24429,0.21887000000000006,0.25506999999999996,0.19019000000000003,0.50732,0.15918,0.25278,0.01371,0.22599000000000002,0.049900000000000055,0.34017000000000003,0.72921,0.27671,0.0,0.19785000000000003,0.21202,0.18813000000000002,0.26358000000000004,0.31764000000000003,0.24000000000000005,0.16867,0.04354000000000002,0.26647000000000004,0.23278000000000004,0.29351000000000005,0.31748000000000004,0.03608,0.13202999999999998,0.09550999999999998,0.38850999999999997,0.21563,0.29757000000000006,0.19455000000000006,0.06577999999999995,0.38950000000000007,0.17286000000000007,0.18472,0.29741000000000006,0.18424000000000001,0.26786000000000004,0.04307,0.1199,0.11653000000000002,0.26409000000000005,0.25630000000000003,0.24577,0.46180000000000004,0.21415,0.48407999999999995,0.52779,0.26779000000000003,0.18957999999999997,0.25454000000000004,0.22690000000000005,0.21232999999999996,0.12341000000000002,0.07692000000000004,0.46073000000000003,0.06814999999999999,0.29158,0.25510000000000005,0.18734999999999996,0.51719,0.23534000000000005,0.25757,0.20763000000000004,0.27118,0.20171000000000006,0.2826,0.23030000000000006,0.19298999999999994,0.04086000000000001,0.21175,0.21521,0.23328000000000004,0.34045,0.31379000000000007,0.5063500000000001,0.49700000000000005,0.25519,0.09896000000000005,0.59512,0.2802700000000001,0.27906,0.14033,0.24583000000000005,0.22531999999999996,0.25342000000000003,0.2782,0.27779,0.0131,0.45758000000000004
22,0.11413000000000006,0.04466000000000003,0.02429999999999999,0.09779000000000004,0.66401,0.019130000000000036,0.019420000000000104,0.01766000000000001,0.04842000000000002,0.025170000000000026,0.06403000000000003,0.013259999999999939,0.35274999999999995,0.04310999999999998,0.060530000000000084,0.18786000000000003,0.031399999999999983,0.15184000000000003,0.15426000000000006,0.63886,0.15275000000000005,0.19785000000000003,0.0,0.018400000000000083,0.022170000000000023,0.07100000000000006,0.12707000000000007,0.04389000000000004,0.031940000000000024,0.21550999999999998,0.06955,0.037689999999999946,0.10352999999999996,0.12806,0.16427000000000003,0.07615999999999998,0.10336000000000006,0.20967000000000002,0.018669999999999964,0.11368999999999996,0.008639999999999981,0.263,0.20801000000000003,0.03490000000000004,0.015750000000000042,0.10545000000000004,0.01590999999999998,0.07692000000000004,0.16663999999999995,0.15961,0.0821,0.07035999999999998,0.060890000000000055,0.05465999999999993,0.29177000000000003,0.018689999999999984,0.30295,0.37168,0.07277999999999996,0.010270000000000001,0.06512999999999997,0.030000000000000027,0.029930000000000012,0.08127000000000001,0.12270999999999999,0.28872,0.13132999999999995,0.10147,0.06173000000000001,0.013070000000000082,0.34723000000000004,0.04337000000000002,0.06302000000000002,0.023050000000000015,0.08091000000000004,0.018060000000000076,0.08939000000000002,0.032820000000000016,0.005649999999999988,0.16479000000000005,0.01741999999999999,0.022250000000000103,0.038000000000000034,0.22148999999999996,0.12756,0.34529999999999994,0.35311999999999993,0.06535000000000002,0.29259,0.41257,0.08818999999999999,0.08747999999999995,0.06021000000000004,0.050939999999999985,0.03283999999999998,0.06323999999999996,0.08421000000000006,0.08350999999999997,0.19072000000000006,0.28753
