,0,1,2,3,4,5,6,7,8,9,10,11,12,13,14,15,16,17,18,19,20,21,22,23,24,25,26,27,28,29,30,31,32,33,34,35,36,37,38,39,40,41,42,43,44,45,46,47,48,49,50,51,52,53,54,55,56,57,58,59,60,61,62,63,64,65,66,67,68,69,70,71,72,73,74,75,76,77,78,79,80,81,82,83,84,85,86,87,88,89,90,91,92,93,94,95,96,97,98,99
0,0.0,0.09746999999999995,0.14161,0.17674,0.10559999999999992,0.318,0.38169,0.24183,0.030399999999999983,0.29788999999999993,0.1805199999999999,0.21070999999999995,0.30904,0.12545000000000006,0.17106999999999994,0.46234000000000003,0.30418999999999996,0.31821,0.47092999999999996,0.14378999999999997,0.47183,0.31423999999999996,0.21811999999999998,0.42756,0.18411999999999995,0.50778,0.17352999999999996,0.26777,0.25720999999999994,0.07272999999999996,0.06628,0.06225000000000003,0.10638000000000003,0.22830000000000006,0.34286,0.07336999999999994,0.12197000000000002,0.3089299999999999,0.07567000000000002,0.47798999999999997,0.11899000000000004,0.11746000000000001,0.32531,0.021079999999999988,0.16477999999999993,0.06323999999999996,0.22176000000000007,0.27580000000000005,0.28235,0.18833999999999995,0.31905,0.41641000000000006,0.37859000000000004,0.33338,0.46038,0.23424,0.30554,0.10481000000000001,0.21264000000000005,0.13324000000000003,0.31931,0.2513099999999999,0.09397999999999995,0.14547999999999994,0.36217,0.45994999999999997,0.33643999999999996,0.39133,0.25166999999999995,0.24688,0.43407,0.42184000000000005,0.03348000000000001,0.42271000000000003,0.13098999999999994,0.3636,0.42208,0.43426000000000003,0.28392999999999996,0.35279,0.18999999999999995,0.30327000000000004,0.62415,0.10526000000000002,0.05217000000000005,0.09555000000000002,0.12243000000000004,0.37866,0.2818,0.28077,0.49143999999999993,0.29830999999999996,0.40402000000000005,0.12097999999999998,0.15593999999999997,0.43298000000000003,0.41519,0.30147999999999997,0.41486,0.24363
1,0.09746999999999995,0.0,0.05132999999999999,0.07927000000000006,0.020620000000000083,0.22563,0.29179,0.14619000000000004,0.08910000000000007,0.26326,0.10504999999999998,0.11483999999999994,0.21356000000000003,0.03308999999999995,0.08739000000000008,0.37343000000000004,0.20870999999999995,0.22411999999999999,0.38538,0.04832000000000003,0.39237,0.21946000000000004,0.17281999999999997,0.35497999999999996,0.08693000000000006,0.44283999999999996,0.08613000000000004,0.17345000000000005,0.16159,0.024739999999999984,0.032460000000000044,0.03601999999999994,0.05706,0.14129000000000003,0.25195000000000006,0.02410000000000001,0.028859999999999997,0.22417000000000004,0.02464999999999995,0.40934,0.025249999999999995,0.03481999999999996,0.2314,0.08072000000000001,0.06799999999999995,0.03589999999999993,0.13357000000000008,0.18644000000000005,0.20452000000000004,0.09230000000000005,0.22753000000000007,0.32681,0.28931000000000007,0.23964000000000002,0.37411,0.14381,0.21195000000000003,0.17745,0.14352999999999994,0.037939999999999974,0.22589000000000004,0.17907000000000006,0.008469999999999978,0.05812000000000006,0.30337000000000003,0.37597,0.24245,0.30128000000000005,0.15537999999999996,0.14954,0.35079,0.33308,0.07747000000000004,0.3356,0.034359999999999946,0.27296,0.33066000000000006,0.34774000000000005,0.19042000000000003,0.25888000000000005,0.09289000000000003,0.22429000000000004,0.54925,0.011719999999999953,0.05247000000000002,0.03445999999999999,0.028040000000000065,0.30001000000000005,0.20194000000000006,0.19312,0.40575,0.20817000000000002,0.3164,0.06742999999999999,0.05893999999999999,0.34593999999999997,0.32632,0.20731000000000005,0.34212,0.14825999999999995
2,0.14161,0.05132999999999999,0.0,0.06860999999999995,0.04116999999999993,0.18301,0.24381000000000003,0.12490000000000001,0.12532,0.21193,0.06534000000000006,0.09663999999999995,0.17798000000000003,0.06102999999999997,0.049490000000000034,0.32502000000000003,0.17645,0.18358000000000002,0.33914999999999995,0.04071999999999998,0.34836,0.18276000000000003,0.12409999999999999,0.31096999999999997,0.07299,0.39882999999999996,0.06746999999999992,0.14404000000000006,0.12936999999999999,0.07307999999999992,0.07671000000000006,0.08366000000000007,0.035229999999999984,0.09288000000000007,0.20362999999999998,0.07064999999999999,0.03184999999999999,0.17614000000000002,0.07306999999999997,0.36533,0.048260000000000025,0.06680000000000003,0.19053000000000003,0.12890999999999997,0.05840000000000001,0.08422000000000007,0.08638000000000001,0.13807999999999998,0.15610999999999997,0.0696,0.1844,0.27838999999999997,0.24103000000000002,0.19968000000000002,0.32969,0.10962000000000005,0.17086,0.20833000000000002,0.09865000000000002,0.04944000000000004,0.18664999999999998,0.13541999999999998,0.05615999999999999,0.03461000000000003,0.25971999999999995,0.32755,0.20155,0.25286000000000003,0.13187000000000004,0.1302500000000001,0.30671,0.28465,0.11199000000000003,0.28975999999999996,0.054389999999999994,0.22454999999999997,0.28225,0.30030999999999997,0.15331000000000006,0.21728999999999998,0.08480999999999994,0.18063999999999997,0.50083,0.05901000000000006,0.09906999999999999,0.05078000000000005,0.04202,0.25160000000000005,0.15352000000000005,0.14517999999999998,0.35899,0.15984000000000004,0.26799,0.020630000000000037,0.05292000000000008,0.29752,0.28082999999999997,0.16817000000000004,0.29811,0.12043999999999999
3,0.17674,0.07927000000000006,0.06860999999999995,0.0,0.08147000000000004,0.14698,0.21314,0.06754000000000004,0.16727999999999998,0.21331999999999998,0.028200000000000003,0.036189999999999944,0.13485000000000003,0.06557999999999997,0.023410000000000042,0.29479,0.13005,0.14547,0.3071,0.03357999999999994,0.31542000000000003,0.14082,0.11645,0.27803,0.010919999999999985,0.36589,0.015000000000000013,0.09481,0.08292,0.10401000000000005,0.11082999999999998,0.11491000000000007,0.08220000000000005,0.06264000000000003,0.1733,0.10337000000000007,0.05613999999999997,0.14553,0.10331000000000001,0.33258,0.06043999999999994,0.06823999999999997,0.15275,0.15930999999999995,0.031879999999999964,0.11448000000000003,0.05492000000000008,0.1078,0.12588,0.013550000000000062,0.14889000000000002,0.24816,0.21067000000000002,0.16099999999999998,0.29675,0.06516999999999995,0.13330999999999998,0.25466,0.08117000000000002,0.05025999999999997,0.14725,0.11113999999999996,0.08304,0.03878999999999999,0.22990999999999995,0.29732000000000003,0.1638,0.22264,0.07671000000000006,0.07067000000000001,0.27377,0.25443,0.15468000000000004,0.25743,0.05325000000000002,0.19430999999999998,0.25202,0.26907000000000003,0.11177999999999999,0.18024,0.02728999999999998,0.14987999999999996,0.47061,0.07474999999999998,0.12968999999999997,0.09511999999999998,0.05743000000000009,0.22137,0.12330000000000002,0.11445,0.32717,0.12952000000000002,0.23775999999999997,0.07274000000000003,0.033400000000000096,0.26728999999999997,0.24837000000000004,0.12937000000000004,0.26619999999999994,0.06960999999999995
4,0.10559999999999992,0.020620000000000083,0.04116999999999993,0.08147000000000004,0.0,0.21572000000000002,0.27782,0.14492000000000005,0.08709,0.25309999999999994,0.08808000000000005,0.11453999999999998,0.20917000000000002,0.03710000000000002,0.06677,0.35707999999999995,0.20509,0.21645000000000003,0.36626000000000003,0.04842000000000002,0.37540000000000007,0.21340000000000003,0.16170999999999996,0.33801000000000003,0.08823000000000003,0.42587,0.07979000000000003,0.16845,0.15771000000000002,0.042990000000000084,0.04832000000000003,0.055830000000000046,0.047599999999999976,0.12424999999999997,0.24002999999999997,0.042710000000000026,0.02536000000000005,0.20365,0.04526000000000008,0.39237000000000005,0.029689999999999994,0.03665000000000007,0.22336,0.10109000000000001,0.06971000000000005,0.05641000000000007,0.11680000000000001,0.17170999999999997,0.18389999999999995,0.08979999999999999,0.21686,0.31210999999999994,0.27377999999999997,0.2324,0.35673000000000005,0.13312999999999997,0.20376,0.17347999999999997,0.13066999999999995,0.042279999999999984,0.21785,0.16571999999999998,0.023840000000000083,0.04444999999999999,0.28903,0.35541000000000006,0.23456,0.28748,0.15398,0.15077000000000007,0.33375000000000005,0.31668999999999997,0.07504,0.31723999999999997,0.03893000000000002,0.26006,0.31828,0.32878999999999997,0.18261,0.25134,0.09669000000000005,0.20900000000000002,0.5286299999999999,0.0188600000000001,0.07125999999999999,0.026150000000000007,0.02466999999999997,0.2794,0.18133000000000005,0.17568999999999996,0.38609,0.19512000000000002,0.29856999999999995,0.05726999999999993,0.06245999999999996,0.32750999999999997,0.31034999999999996,0.20074999999999998,0.32593999999999995,0.14456999999999998
5,0.318,0.22563,0.18301,0.14698,0.21572000000000002,0.0,0.07067000000000001,0.07948,0.30281,0.31413,0.14094000000000007,0.11079000000000006,0.012139999999999984,0.20018000000000002,0.15335,0.14782,0.01693,0.004049999999999998,0.16748000000000002,0.17730999999999997,0.18517,0.006989999999999996,0.17728,0.14942,0.13917000000000002,0.23393,0.15103999999999995,0.05221999999999999,0.06406,0.24799000000000004,0.25351,0.26085,0.21161999999999997,0.09376000000000001,0.03071999999999997,0.24775000000000003,0.19689999999999996,0.04759000000000002,0.25026000000000004,0.20331,0.20675,0.20843,0.008039999999999992,0.3060999999999999,0.15763000000000005,0.26141000000000003,0.10188000000000003,0.04800000000000004,0.0857,0.13343000000000005,0.00986999999999999,0.10119999999999996,0.07796999999999998,0.01752999999999999,0.16651,0.08376999999999996,0.01678999999999997,0.38674,0.14855000000000007,0.19123999999999997,0.010360000000000008,0.11999000000000004,0.22885,0.17252000000000006,0.11082999999999998,0.15297,0.02573000000000003,0.07568999999999998,0.07027000000000005,0.07655,0.14139999999999997,0.10748999999999997,0.28901,0.12251000000000001,0.19252999999999998,0.0474,0.10508,0.12943,0.03521000000000002,0.035660000000000025,0.13361999999999996,0.05329999999999996,0.32363,0.21897,0.27627,0.22796000000000005,0.19762000000000002,0.07447000000000004,0.08447000000000005,0.05048000000000008,0.18617,0.02615999999999996,0.09078999999999998,0.19759000000000004,0.16669999999999996,0.12139,0.1184,0.0257,0.13848,0.07737000000000005
6,0.38169,0.29179,0.24381000000000003,0.21314,0.27782,0.07067000000000001,0.0,0.14722000000000002,0.36447999999999997,0.36176,0.20304000000000005,0.17828999999999995,0.07872000000000001,0.26714000000000004,0.2143,0.08166000000000001,0.08500999999999997,0.07058999999999999,0.09733000000000003,0.24346999999999996,0.11537999999999998,0.07399,0.22544000000000003,0.08030999999999999,0.20533,0.16369000000000003,0.21719999999999995,0.12109999999999999,0.13025000000000003,0.31415000000000004,0.31958,0.32701,0.27714,0.15367999999999998,0.04139999999999999,0.31391,0.26296,0.08507000000000003,0.31642000000000003,0.13307000000000002,0.27291,0.27536000000000005,0.06446000000000002,0.3722599999999999,0.22408000000000006,0.32757000000000003,0.16135000000000005,0.10674,0.12432000000000004,0.20013999999999998,0.07218000000000002,0.035150000000000015,0.02915000000000001,0.05521000000000004,0.09702,0.14979999999999993,0.08038000000000001,0.44562999999999997,0.19700999999999996,0.25751999999999997,0.06828999999999996,0.16076999999999997,0.29501,0.23621000000000003,0.047870000000000024,0.08418999999999999,0.04936999999999997,0.01961999999999997,0.13771999999999995,0.14295000000000008,0.07116,0.04128999999999999,0.35148,0.05297999999999997,0.25900000000000006,0.02467999999999998,0.04263,0.05919000000000002,0.10222999999999999,0.03691,0.20143,0.08107000000000003,0.25747,0.28517000000000003,0.34242,0.29445,0.26389999999999997,0.020540000000000003,0.13481000000000004,0.10316999999999998,0.11608000000000002,0.08428000000000002,0.024629999999999985,0.26120000000000004,0.23348000000000002,0.054159999999999986,0.050559999999999994,0.08483999999999997,0.06936999999999999,0.14564999999999995
7,0.24183,0.14619000000000004,0.12490000000000001,0.06754000000000004,0.14492000000000005,0.07948,0.14722000000000002,0.0,0.23108000000000006,0.25625,0.07064000000000004,0.03145999999999993,0.06953999999999999,0.12074000000000007,0.08519999999999994,0.22726000000000002,0.06291999999999998,0.07803999999999994,0.24412,0.09804000000000002,0.25831,0.07343999999999995,0.12331999999999999,0.22148999999999996,0.05973000000000006,0.30813999999999997,0.0716,0.02728999999999998,0.02201000000000003,0.16935,0.17554999999999998,0.18157,0.14196999999999993,0.039080000000000004,0.10596,0.16869,0.12045000000000006,0.08034999999999998,0.17082000000000008,0.27681999999999995,0.12731000000000003,0.12899000000000005,0.08533999999999997,0.22665000000000002,0.07819000000000009,0.18197000000000008,0.040080000000000005,0.04191999999999996,0.08090999999999998,0.05571999999999999,0.08135000000000003,0.18067,0.14722000000000002,0.09347000000000005,0.23937999999999998,0.01527999999999996,0.06919999999999998,0.3184,0.09769000000000005,0.11180000000000001,0.07972999999999997,0.08779999999999999,0.14941000000000004,0.10060999999999998,0.18055,0.22997,0.09884999999999994,0.15510999999999997,0.010780000000000012,0.009970000000000034,0.21579999999999994,0.18689999999999996,0.21822000000000008,0.19622999999999996,0.11309000000000002,0.12679,0.18451,0.20510999999999996,0.04501999999999995,0.11287999999999998,0.05449999999999999,0.10712000000000005,0.40306999999999993,0.13953000000000004,0.19682,0.15245999999999993,0.12034999999999996,0.15384999999999993,0.05576999999999993,0.053590000000000027,0.26330000000000003,0.06313000000000002,0.17022999999999994,0.13060000000000005,0.08725000000000005,0.19976999999999995,0.18983,0.07869000000000004,0.21084999999999998,0.009889999999999954
8,0.030399999999999983,0.08910000000000007,0.12532,0.16727999999999998,0.08709,0.30281,0.36447999999999997,0.23108000000000006,0.0,0.28494,0.16186999999999996,0.2007,0.29626,0.11963999999999997,0.15017999999999998,0.44267999999999996,0.29218,0.30354000000000003,0.44928,0.13370000000000004,0.45056999999999997,0.30049000000000003,0.20718999999999999,0.40715000000000007,0.17439000000000004,0.49416000000000004,0.1653300000000001,0.25554,0.24480000000000002,0.06686999999999999,0.05667,0.05742000000000003,0.09145000000000003,0.2108,0.3266899999999999,0.06503000000000003,0.11114000000000002,0.28675999999999996,0.06986999999999999,0.46010999999999996,0.1129,0.11402000000000001,0.31020000000000003,0.03266000000000002,0.15554,0.059230000000000005,0.20312999999999992,0.25773999999999997,0.25769,0.17689,0.30356,0.39782999999999996,0.35938,0.31949,0.44077999999999995,0.22021999999999997,0.29075,0.08890999999999993,0.19038,0.12625000000000008,0.30494,0.22872000000000003,0.08689000000000002,0.13154,0.35117999999999994,0.43692000000000003,0.32156,0.37414,0.24068999999999996,0.23693000000000008,0.41525999999999996,0.40229,0.013870000000000049,0.40268,0.12319000000000002,0.34672,0.40493999999999997,0.41387999999999997,0.2697,0.33827,0.18168000000000006,0.28397999999999995,0.60242,0.09826999999999997,0.05210999999999999,0.08462000000000003,0.11082999999999998,0.35482,0.25653000000000004,0.26169999999999993,0.46949,0.28178,0.38416999999999996,0.10521999999999998,0.14759,0.41231999999999996,0.39594999999999997,0.28784,0.39677999999999997,0.23165999999999998
9,0.29788999999999993,0.26326,0.21193,0.21331999999999998,0.25309999999999994,0.31413,0.36176,0.25625,0.28494,0.0,0.2181,0.22794000000000003,0.30937000000000003,0.27062,0.23268000000000003,0.43046,0.30809,0.31513,0.42404000000000003,0.23135000000000003,0.42859,0.3144,0.13778999999999997,0.35866000000000003,0.22224000000000002,0.42449999999999993,0.20189,0.27539,0.26100999999999996,0.28500999999999993,0.25996,0.28624,0.21732,0.22211999999999998,0.33229,0.27641999999999994,0.24137000000000003,0.27829000000000004,0.27887,0.41644000000000003,0.25941,0.27340000000000003,0.32217,0.30976999999999993,0.24500999999999998,0.27829999999999994,0.21616999999999997,0.26739999999999997,0.23760000000000003,0.21684000000000003,0.3157,0.39133,0.35225,0.33,0.42475,0.24097000000000002,0.30142,0.25177999999999995,0.16713999999999996,0.25671000000000005,0.31828999999999996,0.20211,0.26777,0.23723,0.31877,0.40244,0.33208,0.37565,0.26322,0.26160000000000005,0.40684000000000003,0.39069000000000004,0.28514,0.39031,0.26065,0.3456,0.40433,0.39917,0.28495000000000004,0.34761,0.23607999999999998,0.28569999999999995,0.44671,0.27043,0.30959,0.24228,0.25333,0.34371,0.22965999999999998,0.26447,0.44299,0.28867,0.37647,0.19583,0.24416,0.39525,0.38830000000000003,0.29882,0.39165,0.25205
10,0.1805199999999999,0.10504999999999998,0.06534000000000006,0.028200000000000003,0.08808000000000005,0.14094000000000007,0.20304000000000005,0.07064000000000004,0.16186999999999996,0.2181,0.0,0.04047999999999996,0.13439000000000006,0.08945000000000003,0.02844000000000002,0.28223,0.13031000000000004,0.14167000000000007,0.29041000000000006,0.057989999999999986,0.29146999999999995,0.13862000000000008,0.12252999999999997,0.2533500000000001,0.02529999999999999,0.33779,0.02350000000000002,0.09367000000000003,0.08293000000000006,0.12828000000000006,0.12939,0.14015,0.0861599999999999,0.0494,0.16525,0.12861,0.07718999999999998,0.12847999999999998,0.12785999999999997,0.30438,0.08862000000000003,0.09576000000000007,0.14858000000000005,0.18275999999999992,0.04732999999999998,0.13888,0.04195000000000004,0.09686,0.10870999999999997,0.02424000000000004,0.14208000000000004,0.23725999999999997,0.19893,0.15762000000000004,0.28032999999999997,0.05835000000000001,0.12898000000000004,0.24775999999999998,0.08901999999999999,0.07681000000000004,0.14307000000000003,0.10993999999999998,0.11114000000000002,0.052570000000000006,0.20482,0.2804400000000001,0.15978000000000003,0.21270000000000006,0.0797,0.07649000000000006,0.25481,0.24184,0.1558799999999999,0.24234999999999995,0.07903000000000004,0.18528000000000006,0.24350000000000005,0.25389999999999996,0.10783000000000004,0.17656000000000005,0.02861999999999998,0.13005000000000005,0.45343999999999995,0.10294999999999999,0.15690000000000004,0.10912,0.0814100000000001,0.2042,0.10614000000000007,0.10083999999999999,0.31092000000000003,0.12034000000000006,0.22371999999999997,0.06927000000000005,0.05574000000000001,0.25261999999999996,0.2355,0.12597000000000003,0.23799999999999993,0.06979000000000002
11,0.21070999999999995,0.11483999999999994,0.09663999999999995,0.036189999999999944,0.11453999999999998,0.11079000000000006,0.17828999999999995,0.03145999999999993,0.2007,0.22794000000000003,0.04047999999999996,0.0,0.10033000000000003,0.08938999999999997,0.055769999999999986,0.25860000000000005,0.09404999999999997,0.10929000000000005,0.27518999999999993,0.06728999999999996,0.28848999999999997,0.10468,0.11826999999999999,0.25166999999999995,0.02837999999999996,0.33858,0.0402499999999999,0.05868000000000001,0.05085999999999996,0.13861999999999997,0.14460000000000006,0.15044000000000002,0.11288999999999993,0.03631000000000001,0.13737999999999995,0.13785999999999998,0.08978000000000008,0.11104000000000003,0.13947999999999994,0.30699999999999994,0.09596000000000005,0.09764000000000006,0.11656000000000005,0.1953600000000001,0.04688000000000003,0.15063000000000004,0.03227000000000002,0.07257000000000002,0.10565999999999998,0.02744000000000002,0.11270000000000008,0.21197000000000005,0.17722000000000004,0.12481000000000003,0.26955999999999997,0.029000000000000026,0.09863,0.28801999999999994,0.08368999999999999,0.08044999999999991,0.11108000000000001,0.10819000000000001,0.11806000000000005,0.07091000000000003,0.20960999999999996,0.26130999999999993,0.12981999999999994,0.18645000000000006,0.040959999999999996,0.03758999999999996,0.24662,0.21824000000000005,0.18784,0.22705000000000003,0.08174999999999999,0.15812000000000004,0.21583000000000008,0.23603999999999997,0.07605999999999996,0.14405999999999997,0.024110000000000076,0.13401999999999997,0.43442000000000003,0.10817999999999994,0.16547999999999996,0.12414999999999998,0.08987,0.18522,0.08714,0.08233999999999997,0.29436999999999997,0.09408999999999995,0.20157000000000003,0.10207,0.055950000000000055,0.23110000000000003,0.22000999999999998,0.10591999999999996,0.24102999999999997,0.033459999999999934
12,0.30904,0.21356000000000003,0.17798000000000003,0.13485000000000003,0.20917000000000002,0.012139999999999984,0.07872000000000001,0.06953999999999999,0.29626,0.30937000000000003,0.13439000000000006,0.10033000000000003,0.0,0.18860000000000005,0.14692999999999995,0.15994999999999998,0.01088,0.010629999999999973,0.17496999999999996,0.16575999999999996,0.18877,0.006549999999999945,0.17252,0.15198,0.12705000000000005,0.23859999999999998,0.13889999999999997,0.04907,0.051990000000000036,0.23702,0.24297000000000002,0.24924999999999997,0.20481,0.08822999999999998,0.038480000000000014,0.23642000000000002,0.18706999999999996,0.04080000000000006,0.23812999999999995,0.20728,0.19461000000000006,0.19685000000000002,0.01790999999999998,0.29412,0.1456,0.24929999999999997,0.09634999999999999,0.042970000000000064,0.07894999999999996,0.12177999999999994,0.01807000000000003,0.11331999999999998,0.07794000000000001,0.02615999999999996,0.16984,0.07604000000000005,0.008040000000000047,0.38058,0.14384000000000008,0.17914000000000002,0.012409999999999977,0.11464000000000008,0.21683000000000002,0.16479000000000005,0.11170000000000002,0.16248999999999997,0.02959999999999996,0.08779999999999999,0.06045000000000006,0.06444999999999995,0.14628999999999998,0.11958999999999997,0.28239,0.12672,0.18046,0.05946999999999997,0.11718,0.13582,0.026629999999999987,0.045399999999999996,0.12341000000000002,0.04687000000000002,0.33577,0.20685000000000003,0.26413000000000003,0.21593,0.18660999999999994,0.08653,0.07971000000000006,0.045720000000000094,0.19415,0.02127000000000001,0.10291999999999996,0.19104000000000004,0.15521000000000001,0.13244999999999996,0.1205,0.01826,0.14145999999999997,0.06988000000000005
13,0.12545000000000006,0.03308999999999995,0.06102999999999997,0.06557999999999997,0.03710000000000002,0.20018000000000002,0.26714000000000004,0.12074000000000007,0.11963999999999997,0.27062,0.08945000000000003,0.08938999999999997,0.18860000000000005,0.0,0.06223000000000001,0.34799,0.18325000000000002,0.19868000000000002,0.36310999999999993,0.042629999999999946,0.37518,0.19402000000000003,0.17649000000000004,0.33806,0.06415000000000004,0.42555,0.08057999999999998,0.14801000000000003,0.13747999999999994,0.05357999999999996,0.06394,0.06354000000000004,0.07045000000000001,0.11585000000000001,0.22663,0.05498999999999998,0.029799999999999993,0.19931000000000004,0.05020000000000002,0.39324000000000003,0.015160000000000007,0.011209999999999998,0.20595000000000002,0.10640000000000005,0.04320999999999997,0.06223999999999996,0.11253000000000002,0.16112000000000004,0.18176000000000003,0.06700000000000006,0.20209000000000005,0.30136,0.26430999999999993,0.2142,0.35598,0.11836999999999998,0.18676000000000004,0.2085499999999999,0.14357000000000003,0.01636000000000004,0.20045000000000002,0.17573,0.034050000000000025,0.039549999999999974,0.29264,0.35053,0.21789000000000003,0.27584000000000003,0.12990999999999997,0.12439,0.33359,0.30763,0.10876999999999992,0.31438999999999995,0.012329999999999952,0.24751,0.30522000000000005,0.32395999999999997,0.16500000000000004,0.23344000000000004,0.06657000000000002,0.21351999999999993,0.52381,0.021540000000000004,0.07616,0.05893000000000004,0.021730000000000027,0.27457000000000004,0.17650000000000005,0.16904999999999998,0.38242000000000004,0.18293000000000004,0.29096,0.07682999999999995,0.03373999999999999,0.32049,0.30667,0.18924000000000002,0.32686,0.12280999999999997
14,0.17106999999999994,0.08739000000000008,0.049490000000000034,0.023410000000000042,0.06677,0.15335,0.2143,0.08519999999999994,0.15017999999999998,0.23268000000000003,0.02844000000000002,0.055769999999999986,0.14692999999999995,0.06223000000000001,0.0,0.29255999999999993,0.14429999999999998,0.15408,0.30094,0.039080000000000004,0.31339,0.15109999999999996,0.13581000000000004,0.27627,0.02937999999999996,0.36376,0.031340000000000034,0.10766999999999993,0.09602,0.10976000000000008,0.11507,0.12260000000000004,0.07267000000000001,0.06062000000000001,0.17650999999999994,0.10948000000000002,0.058540000000000036,0.13789,0.11203000000000007,0.33145,0.06852000000000003,0.07047999999999999,0.16074,0.16786,0.019400000000000084,0.12318000000000007,0.053120000000000056,0.10755999999999999,0.12534,0.029889999999999972,0.15409999999999996,0.24764999999999998,0.20925999999999995,0.17002999999999996,0.29419,0.07177,0.14128999999999997,0.23365000000000002,0.10037000000000001,0.05301,0.15547999999999995,0.12667999999999996,0.09061000000000008,0.029270000000000018,0.23312,0.28962999999999994,0.17209999999999998,0.22396,0.09380999999999995,0.09146999999999994,0.2718,0.25216999999999995,0.14090000000000003,0.25263,0.054300000000000015,0.19654,0.25476,0.26418,0.12029999999999996,0.18880999999999998,0.03934000000000004,0.15625000000000006,0.46185999999999994,0.08074000000000003,0.13802999999999999,0.08978000000000008,0.05936000000000008,0.21262999999999999,0.11457000000000006,0.11151999999999995,0.32075000000000004,0.1316,0.23404999999999992,0.05674000000000001,0.028839999999999977,0.2629,0.24582999999999994,0.13837999999999995,0.26544,0.08411999999999997
15,0.46234000000000003,0.37343000000000004,0.32502000000000003,0.29479,0.35707999999999995,0.14782,0.08166000000000001,0.22726000000000002,0.44267999999999996,0.43046,0.28223,0.25860000000000005,0.15994999999999998,0.34799,0.29255999999999993,0.0,0.16474,0.14933000000000002,0.025029999999999997,0.32513,0.049120000000000025,0.15398,0.29574999999999996,0.07505,0.28698,0.09363000000000002,0.29884999999999995,0.2,0.21187,0.39580000000000004,0.4012,0.40865,0.35875,0.23403999999999997,0.12148999999999999,0.39553000000000005,0.34458,0.15687,0.39807000000000003,0.06349000000000002,0.35456,0.35624000000000006,0.14205,0.45389999999999997,0.30544000000000004,0.40922000000000003,0.24057999999999996,0.18705,0.19491999999999998,0.28125000000000006,0.14600999999999997,0.046640000000000015,0.08412000000000003,0.13380999999999998,0.032539999999999986,0.22986999999999996,0.16148,0.5193700000000001,0.26742,0.33904999999999996,0.14758000000000004,0.22848999999999997,0.37666000000000005,0.31688999999999995,0.12379999999999997,0.04186000000000001,0.13099,0.07217000000000001,0.21809000000000006,0.22436000000000006,0.02961999999999998,0.04049999999999998,0.43127,0.04060999999999998,0.34035,0.10049000000000002,0.043159999999999976,0.03153,0.18302000000000002,0.11456,0.28143,0.15907,0.25392,0.36678,0.42406999999999995,0.37578000000000006,0.34540000000000004,0.09006999999999998,0.20404999999999995,0.18157,0.04533999999999999,0.16527999999999998,0.058510000000000006,0.34275999999999995,0.31451,0.03765999999999997,0.047630000000000006,0.16648999999999997,0.04868,0.22519000000000006
16,0.30418999999999996,0.20870999999999995,0.17645,0.13005,0.20509,0.01693,0.08500999999999997,0.06291999999999998,0.29218,0.30809,0.13031000000000004,0.09404999999999997,0.01088,0.18325000000000002,0.14429999999999998,0.16474,0.0,0.015600000000000003,0.18231999999999998,0.16091999999999995,0.19816,0.011529999999999985,0.17123999999999995,0.16197,0.12224000000000002,0.24788,0.13410999999999995,0.039360000000000006,0.04827999999999999,0.23217,0.23812,0.24448999999999999,0.20117000000000007,0.08613999999999994,0.043899999999999995,0.23158,0.18223999999999996,0.04158000000000006,0.23334999999999995,0.21656,0.18983000000000005,0.19150000000000006,0.022729999999999972,0.28924000000000005,0.14076,0.24450000000000005,0.09383000000000002,0.04089000000000004,0.07969000000000004,0.11651000000000006,0.018840000000000023,0.11810999999999999,0.08793000000000001,0.030989999999999962,0.1795,0.07252999999999998,0.015500000000000014,0.37795,0.14379000000000008,0.17430999999999996,0.017320000000000002,0.11477000000000004,0.21199999999999997,0.16064,0.12230999999999997,0.1679,0.037929999999999964,0.09260000000000002,0.05339000000000005,0.05962999999999996,0.15527000000000002,0.12437999999999999,0.27830999999999995,0.1357,0.17561,0.06425999999999998,0.12197000000000002,0.14353,0.02400000000000002,0.05038999999999999,0.11670999999999998,0.055489999999999984,0.34056,0.20204999999999995,0.25934999999999997,0.21104000000000006,0.18188000000000004,0.09138000000000002,0.07843,0.04565000000000008,0.20109,0.021220000000000017,0.10770999999999997,0.18813999999999997,0.14988,0.13739,0.13049,0.02679999999999999,0.15144999999999997,0.06066000000000005
17,0.31821,0.22411999999999999,0.18358000000000002,0.14547,0.21645000000000003,0.004049999999999998,0.07058999999999999,0.07803999999999994,0.30354000000000003,0.31513,0.14167000000000007,0.10929000000000005,0.010629999999999973,0.19868000000000002,0.15408,0.14933000000000002,0.015600000000000003,0.0,0.16777999999999998,0.17596,0.18467,0.004720000000000002,0.17828,0.14848,0.13766,0.23364999999999997,0.14952999999999994,0.050929999999999975,0.06255,0.24695,0.2528,0.25954,0.21209,0.09456999999999999,0.029889999999999972,0.24655000000000005,0.19633,0.04763000000000006,0.24875999999999993,0.20281,0.20524000000000003,0.20693,0.007300000000000029,0.30462,0.15613,0.25991000000000003,0.10269,0.04857000000000006,0.08601999999999999,0.13193000000000005,0.012919999999999987,0.10270000000000001,0.07665,0.016720000000000013,0.16601,0.08396999999999999,0.014390000000000014,0.38747,0.14955000000000007,0.18972999999999995,0.007070000000000021,0.12128000000000005,0.22734,0.17285000000000006,0.10981999999999997,0.15298999999999996,0.024509999999999976,0.07717000000000002,0.06879000000000007,0.07504,0.14104,0.10896,0.28967,0.12201000000000001,0.19101999999999997,0.048839999999999995,0.10655000000000003,0.12921,0.03438000000000002,0.03508,0.13216,0.05008000000000001,0.32514,0.21746,0.27475999999999995,0.22647,0.19627000000000006,0.07594000000000001,0.08547000000000005,0.05148000000000008,0.18646999999999997,0.027449999999999974,0.0923,0.19832000000000005,0.16522000000000003,0.12190000000000001,0.11739,0.022300000000000042,0.13795999999999997,0.07594000000000001
18,0.47092999999999996,0.38538,0.33914999999999995,0.3071,0.36626000000000003,0.16748000000000002,0.09733000000000003,0.24412,0.44928,0.42404000000000003,0.29041000000000006,0.27518999999999993,0.17496999999999996,0.36310999999999993,0.30094,0.025029999999999997,0.18231999999999998,0.16777999999999998,0.0,0.33771,0.02567,0.17123,0.29478,0.06556000000000001,0.30004999999999993,0.06860000000000002,0.30982000000000004,0.21837,0.22587000000000002,0.40814999999999996,0.41274999999999995,0.42088999999999993,0.36995,0.24756,0.13873000000000002,0.40829,0.35694999999999993,0.16436999999999996,0.40992,0.03846000000000002,0.36738,0.37129,0.16127000000000002,0.466,0.31999,0.42083999999999994,0.25289999999999996,0.20276999999999995,0.19586000000000003,0.29660999999999993,0.16792,0.06790999999999997,0.0988,0.15211999999999998,0.012429999999999997,0.24669999999999992,0.17681999999999998,0.52248,0.26847,0.35314,0.16562,0.22912,0.38985999999999993,0.32911,0.13088,0.02815000000000001,0.14537,0.09358999999999995,0.23460999999999999,0.23885,0.040539999999999965,0.06230000000000002,0.44009,0.04977999999999999,0.35461,0.12097000000000002,0.068,0.03914999999999996,0.19912999999999997,0.13372,0.29833,0.16857999999999995,0.23946,0.38005,0.43673,0.38965999999999995,0.35889999999999994,0.09477999999999998,0.20333,0.19432,0.022460000000000008,0.18109999999999998,0.07786000000000004,0.35368000000000005,0.32965,0.046160000000000034,0.05906,0.17806999999999995,0.059579999999999966,0.24286000000000002
19,0.14378999999999997,0.04832000000000003,0.04071999999999998,0.03357999999999994,0.04842000000000002,0.17730999999999997,0.24346999999999996,0.09804000000000002,0.13370000000000004,0.23135000000000003,0.057989999999999986,0.06728999999999996,0.16575999999999996,0.042629999999999946,0.039080000000000004,0.32513,0.16091999999999995,0.17596,0.33771,0.0,0.34531,0.1714,0.13595000000000002,0.30791999999999997,0.040690000000000004,0.39577999999999997,0.04068000000000005,0.12513999999999997,0.11385999999999996,0.07133,0.07750999999999997,0.08360999999999996,0.05328999999999995,0.09299000000000002,0.20364999999999994,0.07066000000000006,0.02305999999999997,0.17586999999999997,0.07295000000000007,0.36228,0.03481000000000001,0.04528999999999994,0.18315000000000003,0.12878999999999996,0.02183999999999997,0.08410000000000006,0.08527999999999991,0.13814999999999994,0.15620999999999996,0.04481999999999997,0.17922,0.27849999999999997,0.24100999999999995,0.19132999999999994,0.32682000000000005,0.09550999999999998,0.16375,0.22160999999999997,0.10127000000000003,0.026269999999999905,0.17757999999999996,0.13344000000000006,0.05392000000000008,0.009809999999999985,0.25753000000000004,0.32765999999999995,0.19424000000000002,0.25297,0.10809999999999997,0.10352000000000006,0.30366,0.28475999999999996,0.12163000000000002,0.28804,0.030830000000000024,0.22463999999999995,0.28235,0.29947,0.14212000000000002,0.21077,0.04885000000000006,0.17770999999999998,0.5009399999999999,0.046989999999999976,0.09911999999999999,0.06509000000000009,0.028229999999999977,0.25171,0.15363,0.14482999999999996,0.35768000000000005,0.15987999999999997,0.26809999999999995,0.048350000000000004,0.01426000000000005,0.29762999999999995,0.27879000000000004,0.15979000000000004,0.29512999999999995,0.10036999999999996
20,0.47183,0.39237,0.34836,0.31542000000000003,0.37540000000000007,0.18517,0.11537999999999998,0.25831,0.45056999999999997,0.42859,0.29146999999999995,0.28848999999999997,0.18877,0.37518,0.31339,0.049120000000000025,0.19816,0.18467,0.02567,0.34531,0.0,0.18676000000000004,0.29800999999999994,0.06992999999999999,0.31111000000000005,0.05439000000000005,0.31216,0.23479,0.23785,0.4156000000000001,0.41770999999999997,0.42748,0.3745,0.25987,0.15510000000000002,0.41593,0.36451,0.17799000000000004,0.4158,0.03894999999999993,0.37585999999999997,0.38208000000000003,0.17904000000000003,0.47088,0.33241000000000004,0.42684000000000005,0.26265,0.21639000000000003,0.19823000000000002,0.30887000000000003,0.18756,0.08922000000000002,0.11169000000000001,0.16925,0.019199999999999995,0.26128999999999997,0.19031000000000003,0.52485,0.27083999999999997,0.36318000000000006,0.18197000000000002,0.23148999999999997,0.39846000000000004,0.33888999999999997,0.13208999999999999,0.03273999999999999,0.16028000000000003,0.11365999999999998,0.24922000000000005,0.25110000000000005,0.045369999999999994,0.08315,0.4441,0.06266,0.36535,0.13961,0.09108000000000002,0.05670999999999998,0.2138,0.15181,0.31195,0.17118,0.24279,0.38966,0.44422000000000006,0.3968,0.36815,0.11320000000000002,0.20630999999999994,0.20618999999999998,0.02040000000000003,0.19527,0.09699999999999998,0.35529000000000005,0.34144,0.06506,0.06851000000000002,0.18667,0.060319999999999985,0.25827000000000006
21,0.31423999999999996,0.21946000000000004,0.18276000000000003,0.14082,0.21340000000000003,0.006989999999999996,0.07399,0.07343999999999995,0.30049000000000003,0.3144,0.13862000000000008,0.10468,0.006549999999999945,0.19402000000000003,0.15109999999999996,0.15398,0.011529999999999985,0.004720000000000002,0.17123,0.1714,0.18676000000000004,0.0,0.17754999999999999,0.15057000000000004,0.13301000000000002,0.23635,0.14487999999999995,0.04902000000000001,0.05790000000000001,0.24236000000000002,0.24821000000000004,0.25500999999999996,0.20904,0.09283999999999992,0.03273999999999999,0.24202,0.19226999999999994,0.04716000000000009,0.24410000000000004,0.20503000000000002,0.20059,0.20227,0.01201000000000002,0.29994,0.15147000000000005,0.25525000000000003,0.10053000000000001,0.04759000000000002,0.08527000000000007,0.12727000000000005,0.01632,0.10735,0.07663000000000003,0.020179999999999976,0.16810000000000003,0.08055000000000007,0.013480000000000047,0.38475,0.14882000000000006,0.18507999999999997,0.006449999999999956,0.11993000000000009,0.22268000000000004,0.16947000000000007,0.11107,0.15674,0.026529999999999998,0.08182,0.06421000000000004,0.07039000000000001,0.14374000000000003,0.11362,0.28662,0.12417,0.18636999999999998,0.05349999999999999,0.11120000000000002,0.13244,0.030799999999999994,0.03955000000000003,0.12771,0.04810000000000003,0.32979,0.21281,0.2701,0.22180000000000005,0.19180999999999993,0.08056999999999997,0.08474000000000004,0.05075000000000007,0.19007000000000002,0.026100000000000012,0.09694999999999998,0.19527000000000005,0.16054000000000002,0.12647999999999998,0.11909000000000003,0.019930000000000003,0.14005,0.07175000000000004
22,0.21811999999999998,0.17281999999999997,0.12409999999999999,0.11645,0.16170999999999996,0.17728,0.22544000000000003,0.12331999999999999,0.20718999999999999,0.13778999999999997,0.12252999999999997,0.11826999999999999,0.17252,0.17649000000000004,0.13581000000000004,0.29574999999999996,0.17123999999999995,0.17828,0.29478,0.13595000000000002,0.29800999999999994,0.17754999999999999,0.0,0.23154999999999998,0.12537000000000004,0.31263,0.10502,0.14127,0.12519999999999998,0.19584000000000001,0.17903000000000002,0.20011000000000007,0.13628,0.08557999999999999,0.1945,0.19114000000000003,0.14767999999999998,0.14050000000000007,0.19106,0.29209999999999997,0.16645000000000004,0.17859999999999998,0.18531999999999998,0.23137999999999992,0.14827,0.19480999999999998,0.08699000000000001,0.13096999999999992,0.10111999999999999,0.12066999999999994,0.17884999999999995,0.25501,0.21593,0.19254,0.29197999999999996,0.10831000000000002,0.16457,0.22947000000000006,0.03544000000000003,0.16196999999999995,0.18143999999999993,0.06725999999999999,0.18020999999999998,0.14127999999999996,0.18098000000000003,0.27648999999999996,0.19522999999999996,0.23786000000000002,0.12925999999999993,0.12785999999999997,0.27081999999999995,0.25550999999999996,0.20738999999999996,0.25514,0.16642999999999997,0.20832,0.26691000000000004,0.26475,0.1481,0.21046999999999993,0.13921,0.14790999999999999,0.41979,0.17704000000000003,0.22226,0.16340999999999994,0.15950000000000003,0.20739000000000002,0.09348000000000001,0.1267999999999999,0.31450999999999996,0.15181999999999995,0.24015000000000003,0.10971000000000003,0.14802000000000004,0.26181999999999994,0.25198000000000004,0.16196999999999995,0.25533,0.11742999999999992
23,0.42756,0.35497999999999996,0.31096999999999997,0.27803,0.33801000000000003,0.14942,0.08030999999999999,0.22148999999999996,0.40715000000000007,0.35866000000000003,0.2533500000000001,0.25166999999999995,0.15198,0.33806,0.27627,0.07505,0.16197,0.14848,0.06556000000000001,0.30791999999999997,0.06992999999999999,0.15057000000000004,0.23154999999999998,0.0,0.27399000000000007,0.08786,0.27505999999999997,0.1986,0.20103,0.37821000000000005,0.38022999999999996,0.39008,0.33702,0.22275,0.11911,0.37854,0.32711999999999997,0.14117000000000002,0.3783,0.06054999999999999,0.33846999999999994,0.34496000000000004,0.14325,0.4334,0.29529000000000005,0.3893400000000001,0.22553,0.17957,0.15674,0.27188,0.15249000000000001,0.055810000000000026,0.07486999999999999,0.13343,0.06749,0.22446999999999995,0.15349000000000002,0.46095,0.21758,0.32601,0.14592,0.17886999999999997,0.36107,0.30177,0.09012000000000003,0.04493999999999998,0.12420999999999999,0.07963999999999999,0.21240000000000003,0.21426,0.05656,0.049350000000000005,0.40662,0.03815999999999997,0.32823,0.10452,0.06662999999999997,0.04355999999999999,0.17699000000000004,0.11674000000000001,0.27513,0.13369999999999999,0.20010000000000003,0.35226999999999997,0.40683,0.3593,0.33075999999999994,0.07856000000000002,0.1678,0.16936999999999997,0.08489999999999998,0.15844999999999998,0.06281999999999999,0.31872,0.30432000000000003,0.03876999999999997,0.038939999999999975,0.14927999999999997,0.046009999999999995,0.22186000000000006
