,0,1,2,3,4,5,6,7,8,9,10,11,12,13,14,15,16,17,18,19,20,21,22,23,24,25,26,27,28,29,30,31,32,33,34,35,36,37,38,39,40,41,42,43,44,45,46,47,48,49,50,51,52,53,54,55,56,57,58,59,60,61,62,63,64,65,66,67,68,69,70,71,72,73,74,75,76,77,78,79,80,81,82,83,84,85,86,87,88,89,90,91,92,93,94,95,96,97,98,99,100,101,102,103,104,105,106,107,108,109,110,111,112,113,114,115,116,117,118,119,120,121,122,123,124,125,126,127
0,0.0,0.10097,0.17463999999999996,0.13724000000000003,0.10299000000000003,0.20161,0.26836000000000004,0.18429,0.30659000000000003,0.05347999999999997,0.15778999999999999,0.15867000000000003,0.12814000000000003,0.19135999999999997,0.19207000000000002,0.06564,0.30985999999999997,0.016680000000000028,0.22564,0.19837999999999995,0.1245,0.13632999999999995,0.10536000000000001,0.11518,0.013030000000000097,0.19741999999999998,0.27615999999999996,0.20213000000000003,0.09347,0.10548000000000002,0.13046999999999997,0.06253000000000003,0.15898999999999996,0.07284000000000002,0.16076999999999997,0.08037,0.06424999999999992,0.12401000000000001,0.22865999999999997,0.13456,0.5531900000000001,0.24388,0.15488999999999997,0.11545999999999995,0.06681999999999999,0.09506999999999999,0.15718,0.17198000000000002,0.5437000000000001,0.15809,0.17551000000000005,0.09825,0.07621,0.09720999999999996,0.11524000000000001,0.28815,0.15585,0.13751999999999998,0.22074,0.10642999999999997,0.08531,0.055239999999999984,0.13032,0.04076000000000002,0.16020000000000006,0.13785000000000003,0.22786999999999996,0.12246000000000001,0.06386000000000003,0.08122000000000001,0.1599,0.0690400000000001,0.5550299999999999,0.16682000000000002,0.16054999999999997,0.09196000000000004,0.06796000000000002,0.11752000000000001,0.15763,0.25202,0.5415,0.27707000000000004,0.11719000000000002,0.09399999999999997,0.07923999999999998,0.10027999999999998,0.17592999999999998,0.16326000000000002,0.15283999999999992,0.043910000000000005,0.12938,0.053029999999999994,0.08535000000000004,0.10668,0.22249000000000002,0.13573000000000002,0.0041400000000000325,0.18655999999999995,0.27043,0.20047999999999994,0.10253000000000001,0.13915999999999995,0.17504999999999998,0.10043000000000007,0.31162,0.06314000000000003,0.19298999999999994,0.18934,0.12749,0.16317000000000004,0.15621999999999997,0.059620000000000006,0.30859000000000003,0.11000999999999994,0.10424,0.13109999999999994,0.12333,0.20060999999999996,0.22578000000000004,0.020100000000000007,0.010660000000000003,0.06274999999999997,0.13073999999999997,0.10491,0.09365000000000001,0.19937000000000005,0.27656,0.19537
1,0.10097,0.0,0.09578999999999999,0.05696000000000001,0.04902000000000001,0.11241000000000001,0.18458000000000002,0.08340000000000003,0.39206,0.15096000000000004,0.08656999999999998,0.08432,0.07318000000000002,0.10615000000000002,0.10954999999999998,0.15802,0.39144000000000007,0.09743000000000002,0.14584000000000003,0.11946000000000001,0.07193,0.06381999999999999,0.04630000000000001,0.21612999999999993,0.10815999999999992,0.09899000000000002,0.19721,0.11893999999999999,0.05417000000000005,0.03541,0.06356,0.04141,0.25995999999999997,0.05184,0.08473999999999998,0.037330000000000085,0.12782000000000004,0.052549999999999986,0.14198000000000005,0.03983000000000003,0.62358,0.33964000000000005,0.06749,0.05492000000000008,0.11079000000000006,0.03858,0.06508000000000003,0.26429,0.61163,0.24324,0.08218999999999999,0.04576999999999998,0.12343000000000004,0.07025999999999999,0.04081000000000001,0.38639999999999997,0.25631999999999994,0.03938000000000008,0.13779000000000002,0.047609999999999986,0.16531000000000007,0.07298000000000004,0.063,0.08276,0.25981999999999994,0.04180000000000006,0.14052000000000003,0.05025000000000002,0.12814000000000003,0.03748000000000007,0.08448,0.054669999999999996,0.62687,0.25688,0.06645000000000001,0.03727,0.1113900000000001,0.050960000000000005,0.06641999999999998,0.34893,0.6111300000000001,0.37532,0.038229999999999986,0.06973000000000007,0.12588,0.04416999999999999,0.0801,0.25054,0.25375999999999993,0.08076,0.06280999999999998,0.07372000000000001,0.16399999999999992,0.04549000000000003,0.13578,0.03922000000000003,0.10273999999999994,0.08589999999999998,0.18763000000000002,0.11148999999999998,0.04971000000000003,0.05764999999999998,0.09863,0.0032999999999999696,0.39724000000000004,0.15384000000000003,0.11034,0.10188999999999998,0.07308999999999999,0.08762999999999999,0.08571000000000001,0.15903999999999996,0.38989,0.21015999999999996,0.04753000000000002,0.06286999999999998,0.06957000000000002,0.11957000000000001,0.14611000000000002,0.10096,0.10303999999999991,0.039039999999999964,0.06336999999999998,0.03523000000000001,0.056010000000000004,0.11725999999999998,0.19694,0.09728000000000003
2,0.17463999999999996,0.09578999999999999,0.0,0.04149999999999998,0.08121,0.04167999999999994,0.09521999999999997,0.050220000000000015,0.43113,0.22717999999999994,0.020969999999999933,0.016160000000000008,0.05617000000000005,0.031279999999999974,0.026780000000000026,0.23933,0.42854,0.18308999999999997,0.051000000000000045,0.031869999999999954,0.0631799999999999,0.041200000000000014,0.07457999999999998,0.28547,0.17148000000000008,0.04200999999999999,0.10354999999999998,0.04121999999999992,0.09456999999999993,0.06974000000000002,0.04637000000000002,0.12996999999999997,0.31965999999999994,0.14762999999999998,0.01593,0.09472999999999998,0.17456999999999995,0.052080000000000015,0.05679999999999996,0.13329,0.65062,0.41818,0.03581000000000001,0.06742000000000004,0.15491999999999995,0.08183999999999997,0.03692000000000001,0.34631999999999996,0.63798,0.33008,0.028730000000000033,0.07739999999999997,0.16936999999999997,0.08226,0.06384000000000001,0.4591200000000001,0.31637999999999994,0.11479,0.04756000000000005,0.06838999999999995,0.21070999999999995,0.13035000000000008,0.0468599999999999,0.17148000000000002,0.31937999999999994,0.13138999999999998,0.05781999999999998,0.05442999999999998,0.17341999999999996,0.09348999999999996,0.015960000000000085,0.14986,0.65374,0.341,0.035170000000000035,0.08519999999999994,0.15387000000000006,0.06372,0.03538000000000002,0.42547,0.6374299999999999,0.44871000000000005,0.06007000000000001,0.08269000000000004,0.16899999999999993,0.07450999999999997,0.029240000000000044,0.33593,0.31526999999999994,0.16923,0.04801,0.13136000000000003,0.20973999999999998,0.06876999999999994,0.049470000000000014,0.12018000000000001,0.17612999999999995,0.04695000000000005,0.09579000000000004,0.04181999999999997,0.08256999999999992,0.03878999999999999,0.0028799999999999937,0.09760000000000002,0.43572,0.236,0.02906999999999993,0.03205999999999998,0.05635000000000001,0.013979999999999992,0.0206599999999999,0.23425999999999997,0.42726000000000003,0.28083,0.07365,0.044999999999999984,0.06515000000000004,0.032909999999999995,0.051680000000000004,0.18757000000000001,0.16934000000000005,0.12613000000000002,0.04589999999999994,0.07264000000000004,0.09450999999999998,0.041670000000000096,0.10229999999999995,0.04198000000000002
3,0.13724000000000003,0.05696000000000001,0.04149999999999998,0.0,0.06245999999999996,0.06494,0.13376,0.05342999999999998,0.41356000000000004,0.18917999999999996,0.030840000000000034,0.02758000000000005,0.04095000000000004,0.05447000000000002,0.056970000000000076,0.19983,0.41117000000000004,0.14260999999999996,0.09215000000000001,0.06514999999999999,0.046089999999999964,0.006859999999999977,0.04746000000000006,0.25086,0.13802000000000003,0.06216999999999995,0.14403,0.06503000000000003,0.07166000000000006,0.03195999999999999,0.02856000000000003,0.08901999999999999,0.29111,0.10725999999999997,0.02949999999999997,0.05845,0.15076999999999996,0.014819999999999944,0.09231999999999996,0.09596000000000002,0.63976,0.38112,0.026009999999999978,0.06124000000000007,0.1308100000000001,0.04409000000000002,0.02129000000000003,0.30747,0.62741,0.28959999999999997,0.03922999999999999,0.04004000000000002,0.14495000000000002,0.07634999999999992,0.04944000000000004,0.42428999999999994,0.28778,0.07921,0.08609,0.03386,0.18743999999999994,0.09882999999999997,0.03271000000000002,0.131,0.29016000000000003,0.09391,0.09131,0.016919999999999935,0.15034999999999998,0.060639999999999916,0.02906000000000003,0.10919999999999996,0.64276,0.30089,0.024409999999999932,0.046780000000000044,0.12968000000000002,0.05754999999999999,0.026630000000000043,0.38894999999999996,0.6268100000000001,0.41313999999999995,0.04859000000000002,0.07658999999999994,0.14493,0.03781000000000001,0.04067999999999994,0.29553999999999997,0.28549,0.12829999999999997,0.036209999999999964,0.09966999999999993,0.18800999999999995,0.03339000000000003,0.0867,0.08354,0.13863000000000003,0.053159999999999985,0.13606000000000007,0.06369000000000002,0.06457999999999997,0.0030100000000000127,0.044379999999999975,0.057859999999999995,0.41775,0.19667,0.057030000000000025,0.05256000000000005,0.04283999999999999,0.030669999999999975,0.02969000000000005,0.19581000000000004,0.41003000000000006,0.24449000000000004,0.04538999999999993,0.006420000000000092,0.04798000000000002,0.06551000000000001,0.09242,0.14709,0.13444000000000006,0.08561999999999997,0.028850000000000042,0.03280000000000005,0.07282999999999995,0.06298999999999999,0.14325,0.06011999999999995
4,0.10299000000000003,0.04902000000000001,0.08121,0.06245999999999996,0.0,0.11907000000000001,0.17557,0.11473,0.3527,0.15451999999999996,0.06103999999999998,0.07801000000000002,0.026560000000000028,0.10816999999999999,0.10397999999999996,0.16854000000000002,0.35016,0.11743,0.13005,0.11034999999999995,0.022909999999999986,0.06108999999999998,0.023839999999999972,0.20939000000000002,0.09647,0.12019999999999997,0.18018999999999996,0.11917,0.013819999999999999,0.03868000000000005,0.037880000000000025,0.07578000000000001,0.23844999999999994,0.09587000000000001,0.06791999999999998,0.02692,0.09335999999999994,0.047819999999999974,0.13769999999999993,0.08802000000000001,0.5779099999999999,0.34020000000000006,0.06377,0.025499999999999967,0.07413000000000003,0.05597999999999992,0.08172000000000001,0.27403,0.56552,0.26050999999999996,0.09712999999999994,0.05240999999999996,0.08815999999999996,0.030370000000000008,0.0260999999999999,0.37904000000000004,0.23516999999999993,0.08157999999999999,0.12807999999999997,0.035499999999999976,0.12968000000000007,0.052830000000000044,0.036030000000000006,0.10986000000000001,0.23816999999999994,0.08596999999999999,0.13874999999999993,0.04955999999999994,0.09251000000000004,0.024779999999999996,0.06601000000000001,0.09856000000000001,0.58092,0.26874999999999993,0.08299000000000001,0.05559000000000003,0.07422000000000001,0.028320000000000012,0.06763000000000008,0.34805,0.5649599999999999,0.36863,0.026610000000000023,0.02973999999999999,0.08809000000000006,0.053810000000000024,0.09677999999999998,0.26612,0.23405999999999993,0.10722000000000001,0.03400000000000003,0.05475000000000002,0.12951999999999997,0.036109999999999975,0.13066,0.08243,0.10237999999999997,0.11438000000000004,0.1765,0.11899000000000004,0.002729999999999899,0.06264999999999998,0.08133999999999997,0.04991999999999999,0.35667999999999994,0.16555999999999998,0.10697999999999996,0.10658000000000001,0.025959999999999983,0.07918000000000003,0.061529999999999974,0.15938999999999998,0.34883000000000003,0.20403000000000002,0.023499999999999965,0.059620000000000006,0.021150000000000002,0.11277999999999999,0.13097999999999999,0.12153,0.09400999999999998,0.07121,0.03711999999999993,0.03881000000000001,0.013299999999999979,0.11931999999999998,0.18061000000000005,0.11965999999999999
5,0.20161,0.11241000000000001,0.04167999999999994,0.06494,0.11907000000000001,0.0,0.07219000000000003,0.06332000000000002,0.47165,0.25386000000000003,0.059189999999999965,0.044459999999999944,0.09531,0.011730000000000018,0.015600000000000058,0.26441,0.46875000000000006,0.20623999999999998,0.03481000000000001,0.014329999999999954,0.10204999999999997,0.06603999999999999,0.10882000000000003,0.31571999999999995,0.20222,0.03136,0.08479999999999999,0.01093999999999995,0.131,0.09675999999999996,0.08272999999999997,0.15064,0.3547,0.16326000000000002,0.056560000000000055,0.12270999999999999,0.21001000000000003,0.07852999999999999,0.02959000000000006,0.14753999999999998,0.69129,0.44526,0.07169999999999999,0.10829999999999995,0.19079000000000002,0.10892000000000002,0.05002000000000001,0.37205,0.67863,0.35229,0.03771000000000002,0.10434000000000004,0.20506999999999997,0.12283,0.09792000000000001,0.48922999999999994,0.35138,0.12904,0.02586000000000005,0.09741999999999995,0.2475,0.16236000000000006,0.08411999999999997,0.19223999999999997,0.35434000000000004,0.14563999999999996,0.028130000000000044,0.08099999999999996,0.21014999999999995,0.12292000000000003,0.05627000000000004,0.16708,0.69444,0.36546999999999996,0.048270000000000035,0.11095000000000005,0.18930000000000002,0.10482999999999998,0.07145000000000001,0.45363000000000003,0.6781299999999999,0.47807999999999995,0.09744999999999993,0.12373,0.20566,0.10266999999999993,0.0403,0.35958,0.34967000000000004,0.19011,0.08764000000000005,0.16383999999999999,0.24762,0.09733000000000003,0.02351000000000003,0.13443,0.20309999999999995,0.06005000000000005,0.07524000000000003,0.003170000000000006,0.12097999999999998,0.06289999999999996,0.041590000000000016,0.11430000000000001,0.47533000000000003,0.26125,0.013599999999999945,0.013920000000000043,0.09616999999999998,0.04149000000000003,0.05861000000000005,0.26018,0.46778000000000003,0.30934999999999996,0.10737000000000008,0.07091000000000003,0.10277000000000003,0.01318999999999998,0.034430000000000016,0.20994999999999997,0.19929999999999998,0.14700999999999997,0.08233999999999997,0.09722999999999998,0.13146999999999998,0.009089999999999987,0.08453,0.032450000000000034
6,0.26836000000000004,0.18458000000000002,0.09521999999999997,0.13376,0.17557,0.07219000000000003,0.0,0.12795,0.5198100000000001,0.32080999999999993,0.11487999999999998,0.1101700000000001,0.14918999999999993,0.08067000000000002,0.07753000000000004,0.33269999999999994,0.51757,0.27603999999999995,0.04586000000000001,0.07133,0.15652999999999995,0.13427999999999995,0.16931000000000002,0.38018,0.26633000000000007,0.09622999999999998,0.01811999999999997,0.06944,0.18791999999999998,0.16310999999999998,0.14122,0.22150000000000003,0.41301,0.23518999999999995,0.1090000000000001,0.18835999999999997,0.26794999999999997,0.14479999999999998,0.04357,0.21792999999999998,0.72909,0.51224,0.11745999999999995,0.15383000000000002,0.24922999999999995,0.17546999999999996,0.11983999999999995,0.43994999999999995,0.7151500000000001,0.42302999999999996,0.10522999999999999,0.17116000000000003,0.26299999999999996,0.17286999999999997,0.15504999999999997,0.5539700000000001,0.41063999999999995,0.19943,0.04891000000000001,0.16201999999999994,0.30316,0.22520000000000007,0.14073999999999998,0.26348000000000005,0.41273,0.21602999999999997,0.04577999999999999,0.14695999999999998,0.26676,0.18714000000000003,0.10990999999999995,0.23900999999999994,0.72975,0.43437,0.11813000000000001,0.17882999999999993,0.24872000000000005,0.15251000000000003,0.11912999999999996,0.5198100000000001,0.7148100000000001,0.54356,0.15231999999999996,0.17504999999999998,0.26298,0.16813999999999996,0.10736999999999997,0.42929999999999996,0.40886,0.26078,0.14286,0.22599000000000002,0.30224,0.16240000000000004,0.04893000000000003,0.20482,0.26975999999999994,0.12407999999999997,0.0031400000000000317,0.07309000000000004,0.17592999999999992,0.13100999999999996,0.09525000000000006,0.18622999999999995,0.52522,0.32936999999999994,0.07672999999999996,0.08416000000000001,0.14961000000000002,0.10672999999999999,0.11434,0.32788999999999996,0.51411,0.37515000000000004,0.16848000000000002,0.13862999999999998,0.15688999999999997,0.06902999999999992,0.045050000000000034,0.28067,0.26341000000000003,0.21810000000000002,0.13977000000000006,0.16601,0.18786000000000003,0.07129999999999992,0.01700999999999997,0.09666999999999998
7,0.18429,0.08340000000000003,0.050220000000000015,0.05342999999999998,0.11473,0.06332000000000002,0.12795,0.0,0.46678,0.23399999999999999,0.05396999999999996,0.042649999999999993,0.09127000000000007,0.06254000000000001,0.06012999999999999,0.24093999999999993,0.46456,0.17769999999999997,0.09638,0.07764999999999997,0.09787000000000001,0.05477999999999994,0.09958999999999996,0.29841,0.1883100000000001,0.031960000000000016,0.14280999999999996,0.07425999999999996,0.12444999999999995,0.0827,0.07901000000000002,0.12402999999999997,0.34145000000000003,0.12495,0.05520999999999998,0.11046,0.20311999999999997,0.06741000000000008,0.08438000000000001,0.09337000000000001,0.6896,0.42106,0.07138,0.10765000000000002,0.18403000000000003,0.08975,0.033110000000000084,0.3464499999999999,0.6772,0.32164999999999994,0.025609999999999994,0.08823999999999999,0.1977,0.12228000000000006,0.09670000000000001,0.46936999999999995,0.33809,0.07513000000000003,0.08403999999999998,0.08591000000000004,0.24034999999999995,0.15020999999999995,0.08142000000000005,0.16181999999999996,0.34093000000000007,0.08834000000000003,0.08217000000000002,0.06867000000000001,0.20338,0.11243999999999998,0.05391000000000001,0.12827000000000005,0.69269,0.33803999999999995,0.03209000000000006,0.09240000000000004,0.18292999999999993,0.10423000000000004,0.07102000000000008,0.43048999999999993,0.6765700000000001,0.45832999999999996,0.09598000000000007,0.12308000000000008,0.19752000000000003,0.08759000000000006,0.023020000000000013,0.32877,0.33608,0.15898999999999996,0.08489999999999998,0.15139000000000002,0.23992999999999998,0.08486000000000005,0.08293999999999999,0.07935999999999999,0.18575999999999998,0.00387000000000004,0.13089,0.06465999999999997,0.11640000000000006,0.05209000000000008,0.052289999999999975,0.08426,0.47111000000000003,0.23450999999999994,0.06121999999999997,0.05792,0.09236,0.04595999999999997,0.05464000000000002,0.24186999999999997,0.46346000000000004,0.29242999999999997,0.09748999999999997,0.05786999999999998,0.09854000000000007,0.07651,0.09452999999999998,0.18158999999999997,0.18401,0.12163999999999997,0.07816999999999996,0.08377999999999997,0.1251,0.07241,0.14170000000000005,0.03128000000000003
8,0.30659000000000003,0.39206,0.43113,0.41356000000000004,0.3527,0.47165,0.5198100000000001,0.46678,0.0,0.25492999999999993,0.41288,0.4302,0.37663,0.46085,0.45630000000000004,0.28408,0.007419999999999982,0.32000999999999996,0.47676,0.46274,0.36965,0.41200000000000003,0.36792,0.19965,0.29500000000000004,0.4729,0.52353,0.47185999999999995,0.34270999999999996,0.38545,0.39058000000000004,0.35618999999999995,0.21850999999999998,0.37416,0.41646,0.35784000000000005,0.26472999999999997,0.39961,0.48661999999999994,0.43157000000000006,0.25884,0.25912999999999997,0.41184999999999994,0.37310999999999994,0.28334000000000004,0.39197999999999994,0.43377,0.18147000000000002,0.25577999999999995,0.22277999999999998,0.44955,0.39000999999999997,0.2695,0.35732,0.37610000000000005,0.20864000000000005,0.21321,0.43104000000000003,0.47786999999999996,0.38243,0.22756000000000004,0.32017,0.38808999999999994,0.34553,0.21611000000000002,0.43351,0.48711,0.39956,0.26438999999999996,0.35591,0.41618999999999995,0.37142000000000003,0.25972,0.18915000000000004,0.43516,0.39166999999999996,0.28422000000000003,0.37594,0.41383,0.25464999999999993,0.25733000000000006,0.21438000000000001,0.37675,0.35485000000000005,0.26927,0.39153000000000004,0.44948,0.2153400000000001,0.21519,0.34792,0.3842,0.31876,0.22855999999999999,0.38319,0.47777000000000003,0.43102999999999997,0.30416,0.46584000000000003,0.5214799999999999,0.47151999999999994,0.35079,0.41523,0.43265000000000003,0.39009,0.005980000000000041,0.2845,0.45913000000000004,0.45916,0.37590999999999997,0.43186,0.41323,0.25060000000000004,0.008349999999999996,0.20351999999999992,0.36984999999999996,0.40891,0.36927,0.46374,0.47698000000000007,0.31767999999999996,0.29838000000000003,0.35774999999999996,0.38981999999999994,0.38408000000000003,0.34170999999999996,0.47182999999999997,0.5234099999999999,0.47219999999999995
9,0.05347999999999997,0.15096000000000004,0.22717999999999994,0.18917999999999996,0.15451999999999996,0.25386000000000003,0.32080999999999993,0.23399999999999999,0.25492999999999993,0.0,0.21023999999999998,0.21121,0.17949,0.24354000000000003,0.24432999999999994,0.03473000000000004,0.25795999999999997,0.06656000000000006,0.27818,0.25062999999999996,0.17572999999999997,0.18814999999999998,0.15746000000000002,0.06533999999999995,0.058339999999999975,0.24888,0.32860999999999996,0.25421,0.14322,0.15802,0.18291999999999997,0.11220000000000008,0.10916999999999999,0.12207000000000001,0.21321999999999997,0.13244999999999996,0.08202,0.17654999999999998,0.28064999999999996,0.18477,0.50039,0.19205999999999998,0.20682000000000006,0.16770999999999997,0.09448,0.14537,0.20900999999999997,0.11953000000000003,0.49051,0.10599,0.22732000000000002,0.1507,0.09407999999999998,0.14945999999999998,0.16738999999999998,0.23651,0.10573000000000005,0.18765999999999994,0.27327999999999997,0.15879,0.07112,0.10245999999999997,0.18277,0.09208000000000005,0.11010999999999999,0.18818000000000001,0.28012,0.17461,0.08264,0.13368999999999998,0.21243999999999996,0.11870000000000003,0.5025000000000001,0.11437000000000003,0.21224000000000004,0.14290999999999998,0.09579999999999998,0.16977000000000003,0.20988,0.19977,0.48861999999999994,0.22543,0.16924999999999996,0.14625999999999995,0.09221999999999998,0.15266999999999997,0.22734,0.11178,0.10318,0.09467999999999999,0.18156,0.10024999999999998,0.0697,0.15913,0.27503,0.18606,0.05213999999999999,0.23662000000000005,0.32297,0.25272999999999995,0.15429999999999996,0.19129000000000002,0.22749999999999998,0.15006000000000008,0.25994999999999996,0.03520000000000001,0.24523999999999996,0.24159000000000003,0.17959,0.21509000000000006,0.20866999999999997,0.008979999999999988,0.25698999999999994,0.060429999999999984,0.15669,0.18334999999999996,0.17467999999999997,0.25243,0.27832,0.06329000000000007,0.06063999999999997,0.11276999999999998,0.18318999999999996,0.15716000000000002,0.14411,0.25155,0.32909999999999995,0.24687000000000003
10,0.15778999999999999,0.08656999999999998,0.020969999999999933,0.030840000000000034,0.06103999999999998,0.059189999999999965,0.11487999999999998,0.05396999999999996,0.41288,0.21023999999999998,0.0,0.01758000000000004,0.03767000000000009,0.04823999999999995,0.04381999999999997,0.22293999999999997,0.41059,0.16934000000000002,0.06928000000000001,0.050389999999999935,0.04430999999999996,0.028290000000000037,0.05541999999999997,0.26735000000000003,0.15264000000000005,0.06001999999999996,0.11941999999999997,0.05918000000000001,0.07369999999999999,0.056060000000000054,0.027329999999999965,0.11902000000000001,0.29869,0.1381,0.007299999999999973,0.07941999999999999,0.15360000000000001,0.03808,0.07735000000000003,0.12557,0.63646,0.39947,0.03048999999999996,0.059860000000000024,0.13451000000000002,0.06486999999999998,0.03159999999999996,0.32977,0.62397,0.31516,0.03703000000000001,0.05960000000000004,0.14869,0.07496999999999998,0.05314000000000002,0.44008,0.29575999999999997,0.10881999999999997,0.06745999999999996,0.051570000000000005,0.19041000000000002,0.11131000000000002,0.029350000000000098,0.15908000000000005,0.29841,0.12351999999999996,0.07840000000000003,0.04132000000000002,0.15305999999999997,0.07729999999999998,0.005890000000000062,0.14004,0.63974,0.32461,0.029849999999999988,0.06957000000000002,0.13483,0.055970000000000075,0.030059999999999976,0.40676,0.62347,0.42967,0.05046999999999999,0.07521,0.14877999999999997,0.057730000000000004,0.03662999999999994,0.32033,0.2943,0.15683000000000002,0.03301999999999994,0.11271000000000003,0.19038,0.05137999999999998,0.07003999999999999,0.11314999999999997,0.15910999999999997,0.05445,0.11587999999999998,0.05903999999999998,0.06335999999999997,0.029260000000000008,0.020990000000000064,0.08807000000000004,0.41722000000000004,0.22021000000000002,0.046679999999999944,0.046740000000000004,0.03920000000000001,0.01912999999999998,0.0024300000000000432,0.21646000000000004,0.40953999999999996,0.26212,0.05458999999999997,0.030220000000000025,0.045359999999999956,0.05209000000000008,0.07021,0.17305000000000004,0.15068000000000004,0.11409,0.027160000000000017,0.058650000000000035,0.07391999999999999,0.05911999999999995,0.11984000000000006,0.059740000000000015
11,0.15867000000000003,0.08432,0.016160000000000008,0.02758000000000005,0.07801000000000002,0.044459999999999944,0.1101700000000001,0.042649999999999993,0.4302,0.21121,0.01758000000000004,0.0,0.054180000000000006,0.033440000000000025,0.03386,0.22361999999999999,0.42817000000000005,0.16696,0.06696999999999997,0.04016999999999993,0.06125000000000003,0.025890000000000024,0.06486000000000003,0.27183000000000007,0.15782000000000007,0.043950000000000045,0.11970999999999998,0.04394000000000009,0.08787,0.05403000000000002,0.04131000000000007,0.11576000000000003,0.31052,0.13484000000000002,0.020120000000000027,0.07910000000000006,0.16703,0.03592000000000001,0.07047000000000003,0.12332000000000001,0.65185,0.4020699999999999,0.03844000000000003,0.07432000000000005,0.14751000000000003,0.06587000000000004,0.029349999999999987,0.33045,0.63945,0.31395,0.021540000000000004,0.06143000000000004,0.16154000000000002,0.08910000000000007,0.062450000000000006,0.44562,0.30719,0.10657,0.06231000000000009,0.053200000000000025,0.20432,0.11809999999999998,0.04379999999999995,0.15668000000000004,0.30996000000000007,0.12126999999999999,0.06965999999999994,0.03878999999999999,0.16691999999999996,0.07906000000000002,0.01876,0.13678,0.65494,0.32529,0.027600000000000013,0.06923000000000001,0.14654,0.06987999999999994,0.03891,0.41023000000000004,0.6388199999999999,0.43447,0.06022000000000005,0.08933999999999997,0.16198,0.058800000000000074,0.02190000000000003,0.32022,0.30529000000000006,0.15443,0.047719999999999985,0.11943999999999999,0.20462999999999998,0.05298000000000003,0.06416,0.1109,0.16016000000000002,0.039380000000000026,0.11175999999999997,0.04381999999999997,0.07984999999999998,0.026670000000000027,0.017990000000000006,0.08521999999999999,0.43462,0.22028999999999999,0.03477999999999992,0.03154999999999997,0.05503999999999998,0.0049800000000000955,0.01754,0.21829000000000004,0.42677000000000004,0.26557000000000003,0.06342999999999999,0.029239999999999988,0.061470000000000025,0.04242000000000001,0.06784000000000001,0.17159000000000002,0.15484000000000003,0.11133000000000004,0.041220000000000034,0.056930000000000036,0.08852000000000004,0.04249999999999998,0.11813000000000007,0.04296
12,0.12814000000000003,0.07318000000000002,0.05617000000000005,0.04095000000000004,0.026560000000000028,0.09531,0.14918999999999993,0.09127000000000007,0.37663,0.17949,0.03767000000000009,0.054180000000000006,0.0,0.08433999999999997,0.08021999999999996,0.19369000000000003,0.37399000000000004,0.14258,0.10390999999999995,0.08667000000000002,0.007629999999999915,0.04132000000000002,0.026880000000000015,0.23402000000000003,0.12162,0.09626999999999997,0.15362999999999993,0.09541,0.039019999999999944,0.037770000000000026,0.014839999999999964,0.09994000000000003,0.26410999999999996,0.12003000000000003,0.04198000000000002,0.0524,0.11901999999999996,0.029950000000000032,0.11297000000000001,0.11218000000000003,0.59906,0.36493,0.03868000000000005,0.034160000000000024,0.10004000000000002,0.03949999999999998,0.05847000000000002,0.29879999999999995,0.58671,0.28547,0.07336999999999994,0.03659000000000001,0.11381999999999998,0.04348000000000002,0.039350000000000024,0.40482000000000007,0.26145,0.09543000000000001,0.10347000000000006,0.025570000000000037,0.15464,0.07757999999999998,0.011660000000000004,0.13534000000000002,0.26382999999999995,0.11013,0.11365999999999998,0.030390000000000028,0.11789,0.05005999999999999,0.041100000000000025,0.12272000000000002,0.60234,0.29352,0.05958000000000008,0.04116000000000003,0.09960000000000002,0.03150000000000003,0.042179999999999995,0.37222,0.5859399999999999,0.39441000000000004,0.03708000000000003,0.04449000000000003,0.11397000000000002,0.03699999999999992,0.07320000000000004,0.29127000000000003,0.25971999999999995,0.1327,0.010370000000000046,0.07952000000000004,0.15372000000000002,0.027689999999999992,0.10434999999999994,0.09976000000000002,0.12748000000000004,0.09204000000000001,0.15018999999999993,0.09533000000000003,0.027019999999999933,0.04033999999999993,0.05730000000000002,0.07408000000000001,0.38044,0.19033,0.08326999999999996,0.08292999999999995,0.0019200000000000328,0.05600000000000005,0.038270000000000026,0.18416,0.37276000000000004,0.22851000000000002,0.025650000000000006,0.04061999999999999,0.009129999999999971,0.08894000000000002,0.10441999999999996,0.14701,0.11913000000000001,0.09537000000000001,0.013369999999999993,0.03795000000000001,0.038959999999999995,0.09548999999999996,0.15456999999999999,0.09582999999999997
13,0.19135999999999997,0.10615000000000002,0.031279999999999974,0.05447000000000002,0.10816999999999999,0.011730000000000018,0.08067000000000002,0.06254000000000001,0.46085,0.24354000000000003,0.04823999999999995,0.033440000000000025,0.08433999999999997,0.0,0.008510000000000018,0.25377,0.45833,0.19575999999999993,0.03969,0.015109999999999957,0.09140999999999999,0.05571999999999999,0.09731000000000001,0.30497,0.19077,0.030579999999999996,0.09221999999999997,0.013139999999999985,0.11949999999999994,0.08632000000000006,0.07140999999999997,0.14093,0.34319,0.15764,0.046499999999999986,0.11224,0.19877999999999996,0.06806000000000001,0.03866000000000003,0.1433,0.68083,0.43523999999999996,0.061960000000000015,0.09829999999999994,0.17955,0.09845000000000004,0.049240000000000006,0.36112999999999995,0.6685099999999999,0.34274999999999994,0.03693000000000002,0.09415999999999997,0.19391999999999998,0.11258000000000001,0.08744999999999992,0.47875999999999996,0.33986,0.12646000000000002,0.03356999999999999,0.08640000000000003,0.23618,0.15103000000000005,0.07316999999999996,0.18281000000000003,0.34266,0.1414,0.03765000000000007,0.06955,0.19882999999999995,0.11173,0.04590000000000005,0.16082000000000002,0.6839,0.3545499999999999,0.04749000000000003,0.10089999999999999,0.17801999999999996,0.09477000000000002,0.06169999999999998,0.44331000000000004,0.66778,0.46760999999999997,0.08716999999999997,0.11371999999999993,0.19428000000000006,0.09194000000000002,0.03952,0.34901999999999994,0.33799,0.18029999999999996,0.07727000000000006,0.15238000000000002,0.23636999999999997,0.08621000000000001,0.03304000000000007,0.13079000000000002,0.19274999999999998,0.059270000000000045,0.08372000000000002,0.011720000000000064,0.11017999999999994,0.05242999999999998,0.03119000000000005,0.10804000000000002,0.46477999999999997,0.25077,0.008520000000000083,0.005180000000000018,0.08521999999999996,0.029839999999999978,0.047699999999999965,0.24992999999999999,0.45698,0.29865,0.09609999999999996,0.06054000000000004,0.0917,0.013969999999999982,0.04035,0.20038999999999996,0.18828000000000006,0.13743,0.07138,0.08692,0.11990999999999996,0.01145999999999997,0.09078999999999998,0.03167000000000003
14,0.19207000000000002,0.10954999999999998,0.026780000000000026,0.056970000000000076,0.10397999999999996,0.015600000000000058,0.07753000000000004,0.06012999999999999,0.45630000000000004,0.24432999999999994,0.04381999999999997,0.03386,0.08021999999999996,0.008510000000000018,0.0,0.25591,0.45349,0.19925000000000004,0.03643999999999997,0.01751999999999998,0.08676000000000006,0.05749000000000004,0.09560000000000002,0.30446,0.19061000000000006,0.028169999999999973,0.08907999999999999,0.015559999999999907,0.11653999999999998,0.08710000000000007,0.06847999999999999,0.14432999999999996,0.34077999999999997,0.1604,0.04186999999999996,0.11209000000000002,0.19592999999999994,0.06855,0.03666999999999998,0.14591,0.67635,0.43587,0.05793999999999999,0.09402999999999995,0.17683000000000004,0.09912000000000004,0.04682999999999998,0.36346999999999996,0.66392,0.34624000000000005,0.034519999999999995,0.09480000000000005,0.19111,0.10850000000000004,0.08314999999999995,0.47825000000000006,0.33746,0.12741000000000002,0.030430000000000013,0.08601999999999999,0.23329000000000005,0.14977000000000001,0.06892000000000009,0.18625000000000003,0.34042,0.14401,0.037309999999999954,0.07028999999999996,0.19589999999999996,0.11107000000000006,0.041100000000000025,0.16421999999999998,0.6795,0.35758000000000006,0.04508000000000001,0.10234999999999994,0.17534000000000005,0.09050000000000002,0.05740000000000001,0.44409000000000004,0.6632899999999999,0.46784000000000003,0.08267999999999998,0.10944999999999994,0.19170000000000004,0.09229000000000004,0.037109999999999976,0.35251000000000005,0.33629,0.18379000000000006,0.07230000000000003,0.15077999999999997,0.23333000000000004,0.08635999999999999,0.03070000000000006,0.13280000000000003,0.19347000000000003,0.05686000000000002,0.08058000000000004,0.01593,0.10631000000000002,0.054220000000000046,0.02676999999999996,0.11143999999999998,0.4601700000000001,0.25266999999999995,0.0034599999999999076,0.009079999999999977,0.08079999999999998,0.029940000000000078,0.04360000000000008,0.25140999999999997,0.45243000000000005,0.29943000000000003,0.09412999999999994,0.06214999999999998,0.08828000000000003,0.016380000000000006,0.03721000000000002,0.20388000000000006,0.18769000000000002,0.14068000000000003,0.06789,0.08922000000000008,0.11687000000000003,0.016369999999999996,0.08750000000000008,0.029260000000000008
15,0.06564,0.15802,0.23933,0.19983,0.16854000000000002,0.26441,0.33269999999999994,0.24093999999999993,0.28408,0.03473000000000004,0.22293999999999997,0.22361999999999999,0.19369000000000003,0.25377,0.25591,0.0,0.28880999999999996,0.06323999999999996,0.29009999999999997,0.26147000000000004,0.18935000000000002,0.19873999999999997,0.171,0.08567000000000002,0.07207000000000002,0.25695999999999997,0.34130999999999995,0.26454000000000005,0.15742,0.16958999999999996,0.19564999999999996,0.11690999999999996,0.11726999999999999,0.118,0.22591999999999995,0.14479999999999998,0.09461,0.18805,0.29214999999999997,0.17948000000000003,0.5343500000000001,0.18229999999999996,0.21752,0.17889999999999995,0.10612,0.15817999999999996,0.21786,0.11675999999999997,0.5251,0.09245,0.23611000000000004,0.16385999999999998,0.10572,0.16047999999999996,0.17765000000000003,0.22946999999999998,0.11369999999999997,0.18615000000000004,0.28502999999999995,0.17164,0.08276000000000001,0.11665999999999999,0.19546999999999998,0.08062000000000002,0.11898000000000003,0.18164000000000002,0.29114,0.18573999999999996,0.09428000000000002,0.14610999999999996,0.22492999999999996,0.11448999999999998,0.5361199999999999,0.10644000000000009,0.22103000000000006,0.15441999999999995,0.10744,0.1804,0.21903,0.19097999999999998,0.52283,0.21844999999999998,0.18074999999999997,0.15775999999999996,0.10386,0.16536999999999996,0.23604999999999998,0.09762000000000001,0.10995000000000005,0.08315,0.19502,0.11445,0.08134000000000001,0.17182999999999998,0.28653,0.18313000000000001,0.06620999999999999,0.24250000000000005,0.335,0.26165,0.16808,0.20203,0.24019999999999997,0.15667999999999993,0.28857,0.006730000000000014,0.25597,0.25096999999999997,0.19313,0.22613999999999995,0.22136999999999996,0.03578999999999999,0.28664,0.08193000000000006,0.16938999999999999,0.19438,0.18888,0.26426,0.29082,0.05941999999999997,0.07456000000000002,0.12014000000000002,0.19588999999999995,0.16718,0.15831,0.26245,0.34162999999999993,0.25495
16,0.30985999999999997,0.39144000000000007,0.42854,0.41117000000000004,0.35016,0.46875000000000006,0.51757,0.46456,0.007419999999999982,0.25795999999999997,0.41059,0.42817000000000005,0.37399000000000004,0.45833,0.45349,0.28880999999999996,0.0,0.32154000000000005,0.47457000000000005,0.46019000000000004,0.36695000000000005,0.41001,0.36645000000000005,0.20367000000000002,0.29860000000000003,0.46999,0.52115,0.46895,0.34073,0.38383999999999996,0.38767000000000007,0.35673999999999995,0.22409999999999997,0.37600999999999996,0.41407,0.35641,0.26404,0.39761,0.48444,0.43078,0.25273000000000007,0.26439,0.40967,0.3710800000000001,0.28139000000000003,0.39385000000000003,0.43179,0.18699,0.24971,0.22814,0.44682000000000005,0.39158000000000004,0.26834,0.35518000000000005,0.37362,0.21443999999999996,0.21857000000000004,0.42966000000000004,0.47601000000000004,0.38105,0.22754999999999997,0.31884,0.38537,0.34674,0.22156999999999993,0.43218,0.48526,0.39758000000000004,0.26346,0.35458,0.41369000000000006,0.37297,0.25347,0.19437000000000004,0.43282,0.39252,0.28171,0.37383,0.41154999999999997,0.26000999999999996,0.25046,0.22050000000000003,0.37428999999999996,0.3529300000000001,0.26705,0.39191999999999994,0.44674,0.22114,0.21994999999999998,0.34956999999999994,0.38165,0.31876000000000004,0.23019999999999996,0.38172000000000006,0.47594000000000003,0.42969999999999997,0.30647,0.4638,0.5190400000000001,0.46915000000000007,0.3483200000000001,0.41276,0.43036,0.38908000000000004,0.008239999999999997,0.28885,0.45668,0.45644999999999997,0.3731300000000001,0.42934000000000005,0.41063000000000005,0.25452,0.0040000000000000036,0.20796999999999993,0.36851999999999996,0.40695000000000003,0.3667,0.46144999999999997,0.4751500000000001,0.31986999999999993,0.3006599999999999,0.35868999999999995,0.38695,0.38275000000000003,0.33973,0.46948,0.52123,0.46982
17,0.016680000000000028,0.09743000000000002,0.18308999999999997,0.14260999999999996,0.11743,0.20623999999999998,0.27603999999999995,0.17769999999999997,0.32000999999999996,0.06656000000000006,0.16934000000000002,0.16696,0.14258,0.19575999999999993,0.19925000000000004,0.06323999999999996,0.32154000000000005,0.0,0.23362,0.20621,0.13959,0.14188999999999996,0.11964,0.13000999999999996,0.02707000000000004,0.19549999999999995,0.28663999999999995,0.20660999999999996,0.10855999999999999,0.11343999999999999,0.14208,0.05635000000000001,0.17224,0.05661000000000005,0.16985999999999996,0.09051000000000001,0.06523999999999996,0.13126000000000002,0.23426999999999998,0.12012,0.56243,0.24383000000000002,0.16004999999999997,0.12223999999999996,0.06628999999999999,0.10644,0.15889999999999993,0.17014,0.55203,0.14699,0.17631000000000002,0.11164000000000002,0.0736,0.10424999999999995,0.12098999999999999,0.29244000000000003,0.16948000000000002,0.12470999999999999,0.22836999999999996,0.11904,0.09492,0.07096999999999998,0.14220999999999998,0.025599999999999956,0.17421000000000003,0.12324000000000002,0.23312999999999995,0.12907999999999997,0.06542000000000003,0.09317,0.16946,0.05315000000000003,0.56445,0.16033999999999998,0.16148,0.10288999999999998,0.06760999999999998,0.12362000000000001,0.16081,0.25312,0.55031,0.28142,0.12412999999999996,0.10098999999999997,0.07726,0.11265,0.17633000000000004,0.15334,0.16582000000000002,0.028320000000000012,0.14123,0.06875999999999999,0.09352000000000005,0.11860000000000001,0.22855999999999999,0.12309999999999999,0.018549999999999955,0.17953000000000002,0.27834000000000003,0.20338999999999996,0.11696999999999999,0.14503,0.18491999999999997,0.09460000000000002,0.32589999999999997,0.05738000000000004,0.19931,0.19267,0.14196999999999999,0.16930999999999996,0.16690999999999998,0.07419999999999993,0.32105,0.12527,0.11851,0.13912,0.13805,0.20806999999999998,0.23476999999999998,0.004789999999999961,0.023870000000000002,0.059230000000000005,0.14258,0.11110999999999999,0.10874,0.20474000000000003,0.28506000000000004,0.19380000000000003
