,0,1,2,3,4,5,6,7,8,9,10,11,12,13,14,15,16,17,18,19,20,21,22,23,24,25,26,27,28,29,30,31,32,33,34,35,36,37,38,39,40,41,42,43,44,45,46,47,48,49,50,51,52,53,54,55,56,57,58,59,60,61,62,63,64,65,66,67,68,69,70,71,72,73,74,75,76,77,78,79,80,81,82,83,84,85,86,87,88,89,90,91,92,93,94,95
0,0.0,0.3688,0.45347000000000004,0.01630000000000001,0.35803999999999997,0.26316999999999996,0.15787,0.18000000000000005,0.23991,0.21494000000000008,0.20299000000000006,0.25578000000000006,0.07549000000000006,0.40636000000000005,0.36242,0.30302,0.18962,0.27055,0.26000000000000006,0.17481999999999998,0.20630000000000004,0.19787,0.29042,0.32815000000000005,0.08159000000000005,0.29953,0.44528999999999996,0.15108999999999995,0.29314,0.07889000000000002,0.26572,0.19762999999999997,0.40619000000000005,0.22609999999999997,0.29861000000000004,0.08040000000000003,0.38569,0.31003,0.37967000000000006,0.22121000000000007,0.04298000000000002,0.034050000000000025,0.46294,0.4136,0.30406000000000005,0.26693999999999996,0.31544,0.21480000000000005,0.22219000000000005,0.35298,0.17968000000000006,0.31373999999999996,0.38233,0.33137,0.21451000000000003,0.29761,0.26116999999999996,0.38835,0.18803999999999998,0.17476999999999998,0.25475000000000003,0.20809,0.32981000000000005,0.32976000000000005,0.27791000000000005,0.35231000000000007,0.28445000000000004,0.20791000000000004,0.22326999999999997,0.46141000000000004,0.37769,0.18683000000000005,0.27856000000000003,0.40882,0.25550999999999996,0.18978000000000006,0.24069000000000002,0.16228000000000004,0.22705000000000003,0.29337,0.30335,0.33825999999999995,0.14529999999999998,0.30521000000000004,0.34825999999999996,0.3452,0.14866000000000001,0.31627000000000005,0.24647999999999998,0.31166,0.04608000000000001,0.32569999999999993,0.21165000000000006,0.36475,0.24004000000000003,0.26174000000000003
1,0.3688,0.0,0.08875,0.38398999999999994,0.07189999999999999,0.19151,0.24006999999999995,0.23754000000000003,0.2028,0.16921999999999998,0.21130000000000004,0.13930000000000003,0.34393,0.05920000000000003,0.06003000000000003,0.09757000000000005,0.25237000000000004,0.16621000000000002,0.13168000000000002,0.19790999999999997,0.18320000000000003,0.17171999999999998,0.11760000000000004,0.11531000000000002,0.29867000000000005,0.14519000000000004,0.08627999999999991,0.24602000000000002,0.13668000000000002,0.29392,0.13990999999999998,0.20718000000000003,0.06529000000000007,0.20186,0.15676000000000004,0.35316000000000003,0.04756000000000005,0.09040999999999999,0.03691,0.14914000000000005,0.32754,0.35538000000000003,0.09763,0.06220000000000003,0.1048,0.10831000000000002,0.09391000000000005,0.17956999999999995,0.19314000000000003,0.017369999999999997,0.25528,0.07812000000000002,0.043769999999999976,0.06979000000000002,0.20029000000000002,0.14505999999999997,0.14706000000000002,0.04417000000000004,0.26051,0.22225,0.14966000000000002,0.23314000000000001,0.04955999999999999,0.07443,0.17859000000000003,0.12162999999999999,0.10570000000000002,0.19808000000000003,0.19284,0.09404999999999997,0.07544999999999999,0.23809000000000002,0.20568000000000003,0.05608000000000002,0.14998,0.24098999999999998,0.16124000000000005,0.23602999999999996,0.17318999999999996,0.08834000000000003,0.15106,0.09029999999999999,0.26294999999999996,0.13953000000000002,0.11385999999999996,0.05775999999999998,0.22790000000000005,0.09338000000000002,0.17459999999999998,0.12437999999999999,0.32675000000000004,0.09925,0.22352,0.014349999999999974,0.16615000000000002,0.13459
2,0.45347000000000004,0.08875,0.0,0.46601,0.12278,0.2611,0.31655,0.31184000000000006,0.27113,0.24823,0.28398000000000007,0.21341000000000004,0.42424999999999996,0.07228000000000001,0.11286999999999997,0.16895999999999994,0.32366,0.23447000000000007,0.20664999999999994,0.27993,0.26069000000000003,0.25661,0.18240000000000006,0.17712000000000006,0.38078000000000006,0.20703000000000005,0.031350000000000044,0.32233,0.20049,0.38003000000000003,0.2092,0.27960000000000007,0.08207000000000003,0.2681,0.21308000000000005,0.43444,0.08537000000000006,0.15586000000000005,0.07664000000000004,0.23282000000000003,0.41182,0.4370800000000001,0.027579999999999993,0.06,0.16351000000000004,0.18854000000000004,0.15075000000000005,0.25544000000000006,0.26653000000000004,0.10151999999999994,0.33101,0.14755000000000007,0.07985000000000003,0.13268999999999997,0.26846,0.20689000000000002,0.21461000000000002,0.07422000000000006,0.33179000000000003,0.30051000000000005,0.21504,0.30386,0.127,0.1375,0.23870000000000002,0.16826000000000002,0.18051000000000006,0.27331999999999995,0.25952000000000003,0.015290000000000026,0.12459000000000003,0.31345,0.26746000000000003,0.053790000000000004,0.21993000000000001,0.31404000000000004,0.23419,0.31235999999999997,0.24582000000000004,0.16642,0.20971,0.14837000000000006,0.34044,0.19625000000000004,0.16403,0.12234999999999996,0.30910000000000004,0.15740000000000004,0.24237000000000003,0.18499000000000004,0.40937,0.15883000000000003,0.29333000000000004,0.0907,0.24054999999999993,0.20737
3,0.01630000000000001,0.38398999999999994,0.46601,0.0,0.36732000000000004,0.26021,0.16074000000000005,0.1784,0.23948000000000003,0.22347,0.20401000000000002,0.26330999999999993,0.06267,0.41679,0.37169,0.30908,0.18656000000000006,0.27202000000000004,0.26821,0.18696999999999997,0.2118,0.21252000000000001,0.29916,0.33149,0.08582000000000001,0.3019200000000001,0.45593999999999996,0.15426,0.2970400000000001,0.09458,0.27133,0.20198000000000005,0.41597999999999996,0.22767000000000004,0.30211,0.06732000000000005,0.395,0.32021,0.39201,0.23520000000000002,0.05897000000000002,0.03011999999999998,0.47691000000000006,0.42400000000000004,0.31394000000000005,0.27870000000000006,0.32581000000000004,0.22147000000000006,0.2233,0.36707,0.17501000000000005,0.32415999999999995,0.39322000000000007,0.34162000000000003,0.21860000000000007,0.29953,0.2666,0.39885000000000004,0.18373000000000006,0.17588000000000004,0.26350999999999997,0.20466000000000006,0.34101000000000004,0.33977,0.27918000000000004,0.35808999999999996,0.29247,0.21077999999999997,0.22758000000000006,0.47472000000000003,0.38479,0.18300000000000005,0.27602000000000004,0.42035,0.26088,0.18957000000000002,0.24556,0.16536,0.23288999999999999,0.30335000000000006,0.30582000000000004,0.34508,0.14395000000000002,0.30923000000000006,0.35494000000000003,0.35442,0.15755000000000002,0.32354999999999995,0.24944,0.31561,0.057770000000000016,0.33183,0.21132,0.37905,0.24276999999999999,0.26968000000000003
4,0.35803999999999997,0.07189999999999999,0.12278,0.36732000000000004,0.0,0.14365000000000006,0.20823000000000003,0.20079000000000002,0.15472000000000002,0.14422000000000001,0.17184000000000005,0.10550999999999999,0.31959000000000004,0.05510000000000004,0.012700000000000045,0.05900000000000005,0.20804000000000006,0.11835000000000001,0.09962000000000004,0.18717000000000006,0.1559600000000001,0.17923999999999995,0.06938,0.05790000000000001,0.28324000000000005,0.08602000000000004,0.09657000000000004,0.21564,0.08228999999999997,0.29148,0.09774000000000005,0.16823999999999995,0.05076000000000003,0.15163000000000004,0.09110999999999997,0.3302,0.041319999999999996,0.04964000000000002,0.06546000000000002,0.14754999999999996,0.31712,0.33884000000000003,0.14503,0.06436000000000003,0.05447999999999997,0.09587000000000001,0.044580000000000064,0.14715,0.15465,0.06834000000000001,0.21966999999999998,0.04532000000000003,0.04620000000000002,0.03056000000000003,0.15459,0.08780000000000004,0.10389999999999999,0.06860999999999999,0.21639999999999993,0.19344,0.10409999999999997,0.18854000000000004,0.04198000000000002,0.029220000000000024,0.11895,0.05071999999999999,0.07538,0.16160000000000002,0.14417000000000002,0.13663000000000003,0.02567000000000008,0.20053000000000004,0.14644000000000001,0.07171999999999995,0.10804999999999998,0.19900999999999996,0.12424000000000002,0.20358000000000004,0.13595000000000002,0.06551000000000007,0.08817000000000003,0.029260000000000008,0.23243000000000003,0.07512000000000002,0.04315000000000002,0.030380000000000004,0.21062999999999993,0.04469000000000001,0.12716,0.06496999999999997,0.31459000000000004,0.04086000000000001,0.17788000000000004,0.06948000000000001,0.12987000000000004,0.09798000000000007
5,0.26316999999999996,0.19151,0.2611,0.26021,0.14365000000000006,0.0,0.11097000000000001,0.08345999999999998,0.028569999999999984,0.06810000000000005,0.06436000000000008,0.05545,0.20448,0.19843000000000005,0.15172000000000002,0.09428000000000003,0.0746,0.02701999999999999,0.06053000000000003,0.12606000000000006,0.06897000000000009,0.15029000000000003,0.07898000000000005,0.09009,0.18334000000000006,0.06045999999999996,0.23967999999999995,0.11756,0.06287999999999999,0.21794999999999998,0.05415000000000003,0.07495000000000007,0.19265000000000004,0.04153000000000007,0.06183999999999995,0.21238,0.1773,0.10682000000000003,0.18846000000000002,0.09402999999999995,0.22764000000000006,0.23624999999999996,0.27776000000000006,0.20745000000000008,0.09809000000000001,0.08592,0.11193999999999998,0.06570000000000009,0.04415999999999998,0.17975999999999998,0.09011000000000002,0.11629,0.18229999999999996,0.12906,0.06493000000000004,0.05834,0.048370000000000024,0.18902999999999998,0.08052999999999999,0.09005000000000007,0.05408000000000002,0.05600000000000005,0.14433,0.12410000000000004,0.030320000000000014,0.12173,0.08625,0.05951000000000006,0.06097000000000008,0.27495,0.15157000000000004,0.07816000000000001,0.03316,0.20813000000000004,0.043200000000000016,0.07394999999999996,0.03820000000000001,0.10996000000000006,0.05714000000000008,0.10842999999999997,0.06287999999999999,0.11579,0.11829999999999996,0.07206000000000001,0.11756999999999995,0.13943,0.12278,0.10461999999999999,0.03366999999999998,0.08172999999999997,0.21826,0.10388000000000003,0.05403999999999998,0.18696000000000002,0.03229000000000004,0.05804999999999999
6,0.15787,0.24006999999999995,0.31655,0.16074000000000005,0.20823000000000003,0.11097000000000001,0.0,0.03822000000000003,0.08626,0.07125999999999999,0.048330000000000095,0.10438000000000003,0.11242000000000002,0.26049999999999995,0.21351000000000003,0.15033000000000002,0.04376000000000002,0.11534,0.11115999999999998,0.050350000000000006,0.05718000000000001,0.07533999999999996,0.13942999999999994,0.17142999999999997,0.07976,0.14217000000000002,0.30137,0.00915000000000002,0.13694000000000006,0.10741,0.11101000000000005,0.041610000000000036,0.25847999999999993,0.07155,0.14193999999999996,0.12263000000000002,0.23799000000000003,0.16381000000000007,0.24039,0.09544000000000002,0.12016000000000004,0.13382000000000005,0.32907000000000003,0.26867,0.15738999999999997,0.13212000000000002,0.17073,0.061850000000000016,0.06808000000000003,0.22465999999999997,0.042160000000000086,0.17017,0.23906000000000005,0.18530999999999997,0.058290000000000064,0.14050000000000007,0.10655999999999999,0.24314000000000002,0.04604000000000008,0.025330000000000075,0.10589000000000004,0.059310000000000085,0.19140000000000001,0.18280999999999997,0.12187000000000003,0.19766000000000006,0.13737,0.052830000000000044,0.06719000000000008,0.32632000000000005,0.22510000000000002,0.04644000000000004,0.12435000000000007,0.26643,0.10106000000000004,0.040730000000000044,0.08514,0.005870000000000042,0.07293,0.15197,0.14629999999999999,0.18451000000000006,0.024770000000000014,0.14885000000000004,0.1946,0.19691999999999998,0.02890999999999999,0.16411000000000003,0.08944000000000007,0.15537999999999996,0.11337000000000003,0.17168000000000005,0.058619999999999894,0.23496000000000006,0.0831400000000001,0.11130000000000001
7,0.18000000000000005,0.23754000000000003,0.31184000000000006,0.1784,0.20079000000000002,0.08345999999999998,0.03822000000000003,0.0,0.06164999999999998,0.07236000000000001,0.029360000000000053,0.09913,0.12549999999999994,0.25345000000000006,0.20667000000000008,0.14443,0.024999999999999994,0.09390999999999994,0.10728000000000004,0.06312000000000006,0.05506,0.1069,0.13238,0.15671000000000002,0.10067999999999999,0.12617,0.29548,0.04408000000000001,0.12375000000000003,0.14020999999999995,0.10398000000000002,0.033019999999999994,0.25058,0.052810000000000024,0.12884,0.13460999999999995,0.23157,0.1577,0.23635000000000006,0.09493000000000001,0.14719000000000004,0.15342,0.32544000000000006,0.26236,0.15101000000000003,0.12999000000000005,0.16436,0.05829000000000001,0.04669000000000001,0.22213999999999995,0.02013999999999999,0.16516000000000003,0.23339000000000004,0.17979,0.046989999999999976,0.12367000000000006,0.09792000000000001,0.23824,0.028870000000000007,0.020050000000000012,0.09889999999999999,0.028340000000000032,0.18847999999999998,0.17654000000000003,0.10177999999999998,0.18549,0.13278,0.03988999999999998,0.05746000000000001,0.32291000000000003,0.21500999999999998,0.009460000000000024,0.09928000000000003,0.26066999999999996,0.09301000000000004,0.011809999999999987,0.07859,0.03824000000000005,0.06741999999999998,0.15034000000000003,0.12955000000000005,0.17489000000000005,0.03549000000000002,0.13589,0.18255999999999994,0.19100999999999996,0.04800000000000004,0.15707000000000004,0.07508000000000004,0.14325000000000004,0.13526000000000005,0.16131,0.03378999999999999,0.23258000000000006,0.07224999999999998,0.10513
8,0.23991,0.2028,0.27113,0.23948000000000003,0.15472000000000002,0.028569999999999984,0.08626,0.06164999999999998,0.0,0.05544,0.03873000000000004,0.0691,0.18592999999999998,0.20937999999999996,0.16282000000000002,0.10557,0.058209999999999984,0.03964000000000001,0.07333999999999999,0.09833999999999998,0.04186999999999996,0.12531000000000003,0.08961000000000002,0.10219,0.16163000000000005,0.07181000000000004,0.25070000000000003,0.09293999999999991,0.07375999999999999,0.19137000000000004,0.06440000000000001,0.047839999999999994,0.20359,0.01523999999999992,0.07381000000000004,0.19410000000000005,0.18813000000000002,0.11658999999999997,0.19828999999999997,0.07168,0.20392999999999994,0.21386,0.28763000000000005,0.21867999999999999,0.10849000000000003,0.09802000000000002,0.12292000000000003,0.03773000000000004,0.020050000000000012,0.19166999999999998,0.07277,0.12634,0.19273999999999997,0.13951000000000002,0.03750999999999993,0.06940000000000002,0.05842999999999998,0.19904,0.06509000000000004,0.06594,0.05720999999999998,0.03776999999999997,0.15636,0.13466,0.04280000000000006,0.13333000000000006,0.09797999999999998,0.03427000000000002,0.03275000000000006,0.28492,0.16304000000000002,0.05945999999999996,0.03899000000000008,0.21886,0.05407000000000001,0.05293000000000003,0.04385,0.08278000000000008,0.03077000000000002,0.12172999999999998,0.07450000000000007,0.12705,0.09604000000000001,0.08316999999999997,0.12936000000000003,0.14951000000000003,0.09689000000000003,0.11509999999999998,0.030340000000000034,0.09299000000000002,0.19532000000000005,0.11485000000000001,0.029189999999999938,0.19827,0.04050000000000001,0.06883
9,0.21494000000000008,0.16921999999999998,0.24823,0.22347,0.14422000000000001,0.06810000000000005,0.07125999999999999,0.07236000000000001,0.05544,0.0,0.05746000000000001,0.041260000000000074,0.17763,0.19450999999999996,0.14873999999999998,0.08906999999999998,0.09532000000000002,0.06585000000000008,0.045969999999999955,0.05832999999999999,0.027860000000000003,0.09702,0.07626,0.11611000000000005,0.13953000000000004,0.08823999999999999,0.23469,0.07806000000000002,0.08101000000000003,0.15549999999999997,0.053830000000000044,0.05778,0.19335000000000002,0.06085,0.08540000000000003,0.18793000000000004,0.1721999999999999,0.09776000000000001,0.17229,0.02861999999999998,0.17497999999999997,0.19512000000000007,0.26015,0.20203999999999994,0.09112999999999999,0.06176000000000004,0.10357000000000005,0.043429999999999996,0.03678000000000001,0.15419000000000005,0.08655000000000002,0.10222000000000003,0.17208,0.11877000000000004,0.061350000000000016,0.08773000000000009,0.04754000000000003,0.17646000000000006,0.09980999999999998,0.05410000000000004,0.040959999999999996,0.07875000000000001,0.12195,0.11726999999999999,0.07247000000000003,0.13762000000000008,0.06999,0.04050999999999999,0.06049,0.25717,0.16318,0.07311999999999999,0.07902000000000009,0.19895000000000002,0.04117000000000004,0.07773999999999998,0.03060000000000007,0.0721,0.04331,0.08304000000000006,0.09053999999999995,0.12368000000000001,0.09418000000000004,0.09074000000000004,0.13368000000000002,0.13140000000000007,0.06714000000000009,0.10183000000000009,0.04092000000000001,0.09782999999999997,0.17098000000000002,0.11112,0.07012,0.16450000000000004,0.03715999999999997,0.04724000000000006
10,0.20299000000000006,0.21130000000000004,0.28398000000000007,0.20401000000000002,0.17184000000000005,0.06436000000000008,0.048330000000000095,0.029360000000000053,0.03873000000000004,0.05746000000000001,0.0,0.07383000000000003,0.15311000000000002,0.22455000000000003,0.17777000000000004,0.11560999999999999,0.04232999999999998,0.06862999999999997,0.08017000000000002,0.06413999999999997,0.034650000000000014,0.10123000000000004,0.10342000000000001,0.1292500000000001,0.12499000000000005,0.09867999999999999,0.26656,0.05502000000000007,0.09565000000000001,0.15422000000000002,0.07558000000000004,0.01167000000000007,0.22147,0.025029999999999997,0.10104999999999997,0.16221000000000008,0.20291000000000003,0.12905000000000005,0.20905,0.07549000000000003,0.16749000000000003,0.17794,0.29796,0.23340999999999995,0.12214000000000003,0.10496000000000005,0.13571,0.03341999999999995,0.02196999999999999,0.19835000000000003,0.048760000000000026,0.13743,0.20470000000000005,0.15194999999999997,0.018799999999999983,0.09619,0.06995000000000001,0.21023000000000003,0.050000000000000044,0.02909000000000006,0.06990000000000002,0.024059999999999998,0.16333999999999999,0.14815,0.07591999999999999,0.15756000000000003,0.10609999999999997,0.018049999999999997,0.028689999999999993,0.29590999999999995,0.18686000000000003,0.030389999999999973,0.07677,0.23186,0.06456,0.03054000000000001,0.05063000000000001,0.04642999999999997,0.04021999999999998,0.12672999999999998,0.10231000000000001,0.14634000000000003,0.06268000000000001,0.10744999999999999,0.15445000000000003,0.16211000000000003,0.05918000000000001,0.12812999999999997,0.04674999999999996,0.11505000000000004,0.15922000000000003,0.13352000000000003,0.014180000000000026,0.20700000000000007,0.04600000000000004,0.07835999999999999
11,0.25578000000000006,0.13930000000000003,0.21341000000000004,0.26330999999999993,0.10550999999999999,0.05545,0.10438000000000003,0.09913,0.0691,0.041260000000000074,0.07383000000000003,0.0,0.21539999999999998,0.15661000000000003,0.11054999999999993,0.05019999999999991,0.11507,0.030360000000000054,0.008879999999999999,0.09376000000000007,0.05179999999999996,0.11411000000000004,0.03717999999999999,0.07776000000000005,0.18030000000000002,0.05108999999999997,0.19783,0.11093000000000003,0.04398000000000002,0.19413999999999998,0.02957,0.07065000000000002,0.15502000000000005,0.06942000000000001,0.047930000000000014,0.22615999999999997,0.1342000000000001,0.06004000000000004,0.13796999999999998,0.05925999999999998,0.21511000000000002,0.23541999999999996,0.22689000000000004,0.16486000000000006,0.05355000000000004,0.03249000000000002,0.06691999999999998,0.044060000000000016,0.054330000000000045,0.12609000000000004,0.11856,0.06669999999999998,0.13543,0.08177000000000001,0.06996,0.05009000000000008,0.02700000000000001,0.13975000000000004,0.1222,0.08892000000000005,0.035640000000000005,0.09756999999999999,0.09094000000000002,0.07901000000000002,0.05742000000000001,0.09741999999999995,0.03448000000000001,0.060260000000000036,0.0665,0.22471999999999998,0.12306000000000006,0.10039000000000003,0.07861000000000001,0.16304000000000002,0.01958,0.10219,0.027270000000000016,0.09974000000000005,0.04404000000000001,0.05397999999999997,0.05230000000000001,0.08297999999999994,0.12868999999999997,0.051590000000000025,0.09293000000000007,0.09354000000000007,0.10792000000000002,0.061919999999999975,0.04439000000000001,0.059130000000000016,0.21167000000000002,0.07095000000000007,0.08662999999999998,0.13460999999999995,0.03006000000000003,0.015520000000000006
12,0.07549000000000006,0.34393,0.42424999999999996,0.06267,0.31959000000000004,0.20448,0.11242000000000002,0.12549999999999994,0.18592999999999998,0.17763,0.15311000000000002,0.21539999999999998,0.0,0.37135,0.32507,0.26111000000000006,0.13089,0.21808999999999995,0.22152,0.14658,0.16628000000000004,0.17295,0.25154000000000004,0.28104000000000007,0.04982,0.25132000000000004,0.41136,0.10513,0.24741999999999997,0.07007000000000001,0.22279,0.15338000000000002,0.36962000000000006,0.17689,0.25295000000000006,0.011039999999999994,0.34892000000000006,0.27445,0.34900000000000003,0.19551000000000002,0.05598000000000003,0.04286000000000001,0.43589000000000006,0.37883000000000006,0.26789999999999997,0.23625000000000002,0.28048000000000006,0.17316000000000004,0.17063,0.32748999999999995,0.11595999999999995,0.27898999999999996,0.34891,0.29534000000000005,0.16930000000000006,0.24837000000000004,0.21789999999999998,0.35316000000000003,0.12633000000000005,0.12705999999999995,0.21702,0.14976,0.29811000000000004,0.29374000000000006,0.22664999999999996,0.30881000000000003,0.24684000000000006,0.16081999999999996,0.17875000000000008,0.43328000000000005,0.33719,0.12709000000000004,0.21950999999999998,0.37578000000000006,0.21283999999999997,0.13462000000000002,0.19677,0.11765000000000003,0.18483,0.25936,0.25441,0.29619,0.09112999999999999,0.25947999999999993,0.30578000000000005,0.30812999999999996,0.11687999999999998,0.27588,0.19883999999999996,0.26602,0.03344999999999998,0.28371,0.15766999999999998,0.3385,0.19246999999999997,0.22286999999999996
13,0.40636000000000005,0.05920000000000003,0.07228000000000001,0.41679,0.05510000000000004,0.19843000000000005,0.26049999999999995,0.25345000000000006,0.20937999999999996,0.19450999999999996,0.22455000000000003,0.15661000000000003,0.37135,0.0,0.047760000000000025,0.11071999999999993,0.26250999999999997,0.17285000000000006,0.15039000000000002,0.23356999999999994,0.20562999999999998,0.21791000000000005,0.12158999999999998,0.11167000000000005,0.33207,0.14002000000000003,0.04327000000000003,0.26708000000000004,0.13646999999999998,0.33807000000000004,0.15026,0.22115,0.011130000000000029,0.20616,0.14492,0.38192,0.02295999999999998,0.09711999999999998,0.03722,0.19169999999999998,0.3652,0.38744000000000006,0.09504999999999997,0.023559999999999998,0.10384000000000004,0.14085000000000003,0.09162999999999999,0.19907000000000002,0.20736999999999994,0.06636000000000009,0.27282999999999996,0.09356000000000009,0.02597000000000005,0.07626999999999995,0.20793,0.14185000000000003,0.15675000000000006,0.042230000000000004,0.27013000000000004,0.24466999999999994,0.15526,0.24302,0.07830999999999999,0.07794000000000001,0.17292000000000002,0.09637000000000001,0.12509000000000003,0.21437,0.19813000000000003,0.08548,0.05345,0.25415,0.20049,0.028840000000000005,0.16088999999999998,0.25339,0.17665999999999998,0.25563,0.18851,0.11412999999999995,0.14212000000000002,0.08383000000000002,0.28467000000000003,0.12905000000000005,0.09305000000000002,0.06451999999999991,0.25994000000000006,0.09720999999999991,0.18107,0.11897000000000002,0.36302999999999996,0.09473999999999994,0.23167,0.055949999999999944,0.18261000000000005,0.14972999999999992
14,0.36242,0.06003000000000003,0.11286999999999997,0.37169,0.012700000000000045,0.15172000000000002,0.21351000000000003,0.20667000000000008,0.16282000000000002,0.14873999999999998,0.17777000000000004,0.11054999999999993,0.32507,0.047760000000000025,0.0,0.06447000000000003,0.21538000000000007,0.12607000000000002,0.10434999999999994,0.19181000000000004,0.16023999999999994,0.18356000000000006,0.07469999999999999,0.06657000000000002,0.28755000000000003,0.09519,0.08967000000000003,0.22097000000000006,0.09063000000000004,0.29573000000000005,0.10325000000000001,0.17402,0.04564999999999997,0.15925,0.10105000000000003,0.3359,0.030840000000000006,0.053730000000000055,0.055769999999999986,0.15161000000000002,0.32138999999999995,0.34294,0.13437000000000004,0.05624999999999991,0.058720000000000105,0.10041999999999995,0.049290000000000056,0.15293,0.16019,0.057390000000000024,0.22545000000000004,0.049370000000000025,0.03422999999999998,0.03504000000000007,0.16055000000000003,0.09649000000000002,0.10924,0.05904000000000001,0.22336,0.19883000000000006,0.10889000000000004,0.19567,0.03764999999999996,0.033420000000000005,0.12773999999999996,0.06215000000000004,0.07973999999999992,0.16731999999999997,0.15071999999999997,0.12698000000000004,0.021740000000000093,0.20676000000000005,0.1558,0.06004999999999999,0.11391000000000001,0.20623000000000002,0.12943000000000005,0.20873000000000003,0.14157999999999998,0.06966000000000006,0.09793000000000002,0.03774000000000005,0.23759999999999998,0.08448,0.055249999999999994,0.02119,0.21505000000000002,0.05017000000000005,0.13385000000000002,0.07374999999999998,0.31872999999999996,0.048970000000000014,0.18470000000000003,0.05796000000000004,0.13545000000000007,0.10318000000000005
15,0.30302,0.09757000000000005,0.16895999999999994,0.30908,0.05900000000000005,0.09428000000000003,0.15033000000000002,0.14443,0.10557,0.08906999999999998,0.11560999999999999,0.05019999999999991,0.26111000000000006,0.11071999999999993,0.06447000000000003,0.0,0.15539,0.06930000000000003,0.044379999999999975,0.14151999999999998,0.09770000000000001,0.15070000000000006,0.03468,0.028200000000000003,0.22646000000000005,0.05426,0.15171,0.15712000000000004,0.04137000000000002,0.2435799999999999,0.04845000000000001,0.11170999999999998,0.10899000000000003,0.10476000000000002,0.07067,0.27162000000000003,0.08838000000000001,0.017379999999999993,0.09498000000000001,0.10594999999999999,0.26345999999999997,0.28136,0.18423999999999996,0.11846999999999996,0.036570000000000005,0.05893999999999999,0.02355,0.08930000000000005,0.09821999999999997,0.08684000000000003,0.16365000000000002,0.02283999999999997,0.09011000000000002,0.036930000000000074,0.10343000000000002,0.05584999999999998,0.05052000000000001,0.09590000000000004,0.16410999999999998,0.13502999999999998,0.05870999999999993,0.13618999999999998,0.05180000000000001,0.03323000000000004,0.08399000000000001,0.05284000000000001,0.02116999999999991,0.10533000000000003,0.09678999999999999,0.18165000000000003,0.07660999999999996,0.14545999999999998,0.10991999999999999,0.11721999999999999,0.05277000000000004,0.14537999999999995,0.06664000000000003,0.14555999999999997,0.07840999999999998,0.024380000000000013,0.06289000000000002,0.03661000000000003,0.17497000000000001,0.0556,0.04649000000000003,0.04761000000000004,0.15480000000000005,0.015280000000000071,0.07765,0.039110000000000006,0.25836000000000003,0.025230000000000002,0.12635999999999997,0.09338000000000002,0.07315000000000005,0.047250000000000014
16,0.18962,0.25237000000000004,0.32366,0.18656000000000006,0.20804000000000006,0.0746,0.04376000000000002,0.024999999999999994,0.058209999999999984,0.09532000000000002,0.04232999999999998,0.11507,0.13089,0.26250999999999997,0.21538000000000007,0.15539,0.0,0.09037,0.12147000000000002,0.07615,0.07505,0.10486999999999991,0.14175000000000004,0.15921999999999997,0.11020000000000008,0.12861000000000006,0.3042500000000001,0.04962,0.12890999999999997,0.14800000000000002,0.11545000000000002,0.04596000000000003,0.25736,0.05779000000000001,0.13104000000000005,0.13871,0.24141,0.16827000000000003,0.24936000000000008,0.11695999999999998,0.15627999999999997,0.16270000000000007,0.33865000000000006,0.27108,0.16074,0.14638,0.17493999999999998,0.07538999999999998,0.06275,0.23995000000000002,0.024000000000000007,0.17725000000000002,0.24465000000000003,0.19130000000000003,0.05609000000000003,0.12634999999999996,0.11032999999999998,0.25037,0.009520000000000028,0.043429999999999996,0.10919000000000001,0.022019999999999984,0.20492000000000002,0.18719000000000002,0.10013000000000005,0.19044,0.14721,0.058249999999999996,0.06513000000000002,0.33615,0.21993000000000007,0.024940000000000004,0.08990999999999993,0.27076,0.10438000000000003,0.01951,0.09169000000000002,0.04291999999999996,0.08079999999999998,0.16806,0.13137000000000004,0.18139000000000005,0.04498000000000002,0.14028000000000007,0.18692000000000003,0.20159,0.05621000000000001,0.16691,0.08249999999999996,0.14918000000000003,0.14475000000000005,0.16833000000000004,0.03151999999999999,0.24833000000000002,0.08743999999999999,0.11934999999999998
17,0.27055,0.16621000000000002,0.23447000000000007,0.27202000000000004,0.11835000000000001,0.02701999999999999,0.11534,0.09390999999999994,0.03964000000000001,0.06585000000000008,0.06862999999999997,0.030360000000000054,0.21808999999999995,0.17285000000000006,0.12607000000000002,0.06930000000000003,0.09037,0.0,0.03546000000000005,0.12204999999999999,0.06885000000000008,0.14193,0.05274000000000001,0.06918000000000002,0.19259999999999994,0.038400000000000045,0.21451000000000003,0.12114999999999998,0.03874,0.21897,0.02865000000000001,0.07623999999999997,0.16760999999999998,0.04478000000000004,0.04117000000000004,0.22629999999999995,0.15164000000000005,0.08057999999999998,0.16264999999999996,0.08811000000000002,0.23400000000000004,0.24607999999999997,0.25205000000000005,0.18183,0.07172,0.06078,0.08598,0.06355,0.048960000000000004,0.15473000000000003,0.10554000000000008,0.09068999999999999,0.15592,0.10266999999999998,0.060899999999999954,0.03647,0.021740000000000037,0.16239000000000003,0.09821000000000002,0.09672000000000003,0.04598000000000002,0.07072,0.11933000000000005,0.09788000000000002,0.030229999999999993,0.10055000000000003,0.06120000000000003,0.06340000000000001,0.056620000000000004,0.24891000000000002,0.1300300000000001,0.09176000000000006,0.049360000000000015,0.18185,0.02675000000000005,0.08577000000000001,0.035719999999999974,0.1109,0.053279999999999994,0.08329000000000003,0.04140000000000005,0.09177000000000002,0.12836999999999998,0.05034000000000005,0.09691000000000005,0.11285,0.12580000000000002,0.07819999999999999,0.028730000000000033,0.059160000000000046,0.22629,0.07867999999999997,0.06143999999999994,0.16194000000000003,0.03247999999999995,0.03486
18,0.26000000000000006,0.13168000000000002,0.20664999999999994,0.26821,0.09962000000000004,0.06053000000000003,0.11115999999999998,0.10728000000000004,0.07333999999999999,0.045969999999999955,0.08017000000000002,0.008879999999999999,0.22152,0.15039000000000002,0.10434999999999994,0.044379999999999975,0.12147000000000002,0.03546000000000005,0.0,0.10050000000000003,0.056620000000000004,0.1224900000000001,0.03153000000000006,0.07191000000000003,0.18447000000000008,0.04392000000000007,0.19083999999999995,0.11716000000000004,0.037189999999999945,0.20038,0.02306000000000001,0.07643000000000005,0.14900999999999998,0.07240000000000002,0.04394999999999999,0.23221000000000003,0.1281,0.053730000000000055,0.13075000000000003,0.06591999999999998,0.22015,0.23947000000000007,0.21915999999999997,0.1581800000000001,0.04683999999999999,0.027280000000000082,0.059719999999999995,0.04979,0.06271000000000004,0.11981999999999998,0.12529,0.05968000000000001,0.12840000000000001,0.07469999999999999,0.07130000000000003,0.04352999999999996,0.022949999999999998,0.13282999999999995,0.12940999999999997,0.09506999999999999,0.031080000000000024,0.10222000000000003,0.08453000000000005,0.07266000000000006,0.055160000000000015,0.09266999999999992,0.02684000000000003,0.06774000000000002,0.06526000000000001,0.21650999999999998,0.11845000000000006,0.10801,0.07927999999999999,0.15585,0.019579999999999986,0.11029,0.030380000000000018,0.10635,0.04277,0.052800000000000014,0.04612000000000005,0.07874000000000003,0.13582999999999995,0.04579999999999995,0.08886000000000005,0.08732000000000006,0.11180999999999996,0.05685999999999991,0.04515000000000002,0.053100000000000036,0.21590000000000004,0.06618999999999997,0.09278000000000003,0.12764999999999999,0.035560000000000036,0.015690000000000093
19,0.17481999999999998,0.19790999999999997,0.27993,0.18696999999999997,0.18717000000000006,0.12606000000000006,0.050350000000000006,0.06312000000000006,0.09833999999999998,0.05832999999999999,0.06413999999999997,0.09376000000000007,0.14658,0.23356999999999994,0.19181000000000004,0.14151999999999998,0.07615,0.12204999999999999,0.10050000000000003,0.0,0.06109999999999993,0.04995000000000005,0.12285999999999997,0.16939000000000004,0.10164000000000001,0.14405,0.27086,0.05867,0.13746000000000003,0.10473000000000005,0.11123000000000005,0.05332999999999999,0.23556,0.08640999999999999,0.13895000000000002,0.15563,0.21405000000000007,0.13914000000000004,0.20601000000000008,0.04965999999999998,0.13353000000000004,0.15805000000000002,0.29070999999999997,0.23924999999999996,0.13488,0.09327000000000008,0.14324000000000003,0.060980000000000034,0.08438000000000001,0.18172999999999995,0.06795000000000007,0.14305,0.2084600000000001,0.15876999999999997,0.06286000000000003,0.14344999999999997,0.10315000000000007,0.21386999999999995,0.08076999999999998,0.051960000000000006,0.08629999999999993,0.08008000000000004,0.15561999999999998,0.15902000000000005,0.12939999999999996,0.18574000000000002,0.12209999999999999,0.07055,0.06633,0.28851000000000004,0.21079000000000003,0.07184000000000001,0.13590999999999998,0.23460000000000003,0.09621000000000002,0.06397000000000008,0.08855000000000002,0.052790000000000004,0.06986000000000003,0.12468000000000001,0.14512999999999998,0.17214999999999991,0.07249,0.14373000000000002,0.18132000000000004,0.1778900000000001,0.03077000000000002,0.15292000000000006,0.09395000000000009,0.1509999999999999,0.13139,0.1615399999999999,0.07647999999999999,0.19293,0.09461000000000008,0.09542000000000006
20,0.20630000000000004,0.18320000000000003,0.26069000000000003,0.2118,0.1559600000000001,0.06897000000000009,0.05718000000000001,0.05506,0.04186999999999996,0.027860000000000003,0.034650000000000014,0.05179999999999996,0.16628000000000004,0.20562999999999998,0.16023999999999994,0.09770000000000001,0.07505,0.06885000000000008,0.056620000000000004,0.06109999999999993,0.0,0.10282000000000002,0.08757999999999999,0.12280000000000002,0.12930000000000003,0.09415000000000007,0.24594000000000005,0.06355,0.08765999999999996,0.15058000000000005,0.06003999999999998,0.03405999999999999,0.20457000000000003,0.03619,0.09295000000000009,0.17695,0.18354000000000004,0.10902,0.18454000000000004,0.042580000000000034,0.16804999999999998,0.18435,0.27287,0.21316000000000002,0.10237000000000007,0.07571,0.11525000000000002,0.017260000000000005,0.025700000000000056,0.16810999999999998,0.07216,0.11394000000000004,0.18314999999999998,0.13030999999999993,0.036900000000000016,0.09265999999999996,0.05567999999999995,0.18755,0.08110999999999999,0.040649999999999964,0.052240000000000064,0.05698,0.13520000000000004,0.12844,0.07569999999999999,0.14700999999999997,0.08161000000000002,0.01804,0.03533,0.27003000000000005,0.17324000000000006,0.05623,0.08005000000000007,0.21072000000000002,0.05007000000000006,0.060459999999999986,0.03490000000000004,0.05396000000000001,0.021379999999999955,0.09562000000000004,0.09815000000000007,0.13354999999999995,0.08102999999999999,0.09948000000000001,0.14358000000000004,0.14293999999999996,0.05888000000000004,0.11209000000000002,0.0411999999999999,0.10589000000000004,0.16158000000000006,0.12053000000000003,0.04830000000000001,0.17853000000000002,0.03898999999999997,0.05813999999999997
21,0.19787,0.17171999999999998,0.25661,0.21252000000000001,0.17923999999999995,0.15029000000000003,0.07533999999999996,0.1069,0.12531000000000003,0.09702,0.10123000000000004,0.11411000000000004,0.17295,0.21791000000000005,0.18356000000000006,0.15070000000000006,0.10486999999999991,0.14193,0.1224900000000001,0.04995000000000005,0.10282000000000002,0.0,0.12534999999999996,0.1752100000000001,0.12725999999999998,0.15729000000000004,0.25089000000000006,0.08079,0.15209000000000006,0.12397000000000002,0.13679000000000008,0.09477999999999998,0.22262000000000004,0.12075999999999998,0.1491,0.18198000000000003,0.20116,0.14339999999999997,0.18833999999999995,0.07639999999999991,0.15672000000000003,0.18412,0.26575999999999994,0.22233999999999998,0.13546999999999998,0.09619999999999995,0.14391999999999994,0.09967000000000004,0.11834999999999996,0.15559000000000006,0.11116000000000004,0.14367000000000008,0.19613000000000003,0.15122999999999998,0.09245999999999999,0.15814000000000006,0.12591000000000008,0.19764000000000004,0.11180000000000001,0.09637000000000007,0.09663,0.11823000000000006,0.1512,0.15405000000000002,0.14888,0.18146000000000007,0.13715,0.10912999999999995,0.09806999999999999,0.264,0.20449000000000006,0.11534,0.15737999999999996,0.21643,0.11784000000000006,0.10646,0.11919000000000002,0.07447999999999999,0.10163,0.13929999999999998,0.15540999999999994,0.17213,0.09566000000000002,0.15421000000000007,0.17941000000000007,0.17720000000000002,0.07965999999999995,0.16262999999999994,0.11775000000000002,0.16169,0.15529000000000004,0.16745,0.11277000000000004,0.16744000000000003,0.12160000000000004,0.10734999999999995
22,0.29042,0.11760000000000004,0.18240000000000006,0.29916,0.06938,0.07898000000000005,0.13942999999999994,0.13238,0.08961000000000002,0.07626,0.10342000000000001,0.03717999999999999,0.25154000000000004,0.12158999999999998,0.07469999999999999,0.03468,0.14175000000000004,0.05274000000000001,0.03153000000000006,0.12285999999999997,0.08757999999999999,0.12534999999999996,0.0,0.050390000000000046,0.21537,0.03383000000000003,0.16345000000000004,0.14748,0.029349999999999987,0.22603,0.02909000000000006,0.09974,0.11959000000000009,0.08604,0.04172000000000001,0.26142000000000004,0.09999000000000002,0.029579999999999995,0.11214999999999997,0.0847,0.24971000000000004,0.27059000000000005,0.20047999999999994,0.13038000000000005,0.019560000000000022,0.03565000000000007,0.03376000000000001,0.07849000000000006,0.08607000000000004,0.10936000000000001,0.15146000000000004,0.04024,0.10375000000000001,0.05091000000000001,0.08666000000000001,0.03493000000000002,0.03544000000000003,0.11052999999999996,0.15011999999999998,0.12531000000000003,0.03717999999999999,0.12214999999999998,0.07610000000000003,0.04635,0.061570000000000014,0.06337000000000004,0.020839999999999997,0.09319000000000005,0.07767999999999997,0.19706,0.08831,0.13291000000000003,0.08869000000000002,0.12965,0.03953000000000001,0.13239999999999996,0.05562,0.13463000000000003,0.06746999999999997,0.05711000000000001,0.034650000000000014,0.050670000000000104,0.16353999999999996,0.03153000000000006,0.059029999999999916,0.061439999999999995,0.14238,0.03838000000000008,0.06025999999999998,0.03754000000000002,0.24680000000000002,0.04239999999999999,0.11151,0.11314000000000002,0.06169000000000002,0.030000000000000027
